200912	1031	A	009511148	L	1	0	0
200912	1031	B	010056543	L	1	0	0
200912	1031	C	001061801	L	1	0	0
200912	1031	D	009822046	L	1	0	0
200912	1031	E	007003471	L	1	0	0
200912	1031	F	004047478	L	1	0	0
200912	1031	G	001483196	L	1	0	0
200912	1031	H	005696941	L	1	0	0
200912	1032	A	008422796	L	1	0	0
200912	1032	B	024349179	L	1	0	0
200912	1032	C	012076827	L	1	0	0
200912	1032	C	012230486	L	0	0	0
200912	1032	D	001042076	L	1	0	0
200912	1032	E	001065750	L	0	0	0
200912	1032	E	XXXXXXXXX	0	0	0	0
200912	1032	F	002817306	L	1	0	0
200912	1032	G	010623022	L	1	0	0
200912	1032	H	004834984	L	1	0	0
200912	1033	A	005410894	L	1	0	0
200912	1033	B	003419568	L	1	0	0
200912	1033	C	007001886	L	1	0	0
200912	1033	D	001076825	L	1	0	0
200912	1033	E	003591425	L	1	0	0
200912	1033	F	001079336	L	1	0	0
200912	1033	G	020369914	L	1	0	0
200912	1034	A	005965284	L	1	0	0
200912	1034	B	001078127	L	1	0	0
200912	1034	C	011214169	L	1	0	0
200912	1034	D	010741890	L	1	0	0
200912	1034	E	027191053	L	1	0	0
200912	1034	F	009241698	L	1	0	0
200912	1034	G	005409896	L	1	0	0
200912	1034	H	001080474	L	1	0	0
200912	1035	A	008951136	L	1	0	0
200912	1035	B	008603618	L	1	0	0
200912	1035	C	008087725	L	1	0	0
200912	1035	D	004260244	L	1	0	0
200912	1035	E	000883298	L	1	0	0
200912	1035	F	004289277	L	1	0	0
200912	1035	G	008226008	L	1	0	0
200912	1036	A	001081098	L	1	0	0
200912	1036	B	009173099	L	1	0	0
200912	1036	C	001082051	L	1	0	0
200912	1036	D	009504885	L	1	0	0
200912	1036	E	001053639	L	1	0	0
200912	1036	F	006439381	L	1	0	0
200912	1036	G	007297319	L	1	0	0
200912	1041	A	011215106	L	1	0	0
200912	1041	B	001041088	L	1	0	0
200912	1041	C	001047647	L	1	0	0
200912	1041	D	005369266	L	1	0	0
200912	1041	E	002461684	L	1	0	0
200912	1041	F	001039415	L	1	0	0
200912	1041	G	005037697	L	1	0	0
200912	1041	H	004835875	L	1	0	0
200912	1041	I	008156530	L	1	0	0
200912	1051	A	011553621	L	1	0	0
200912	1051	B	003546039	L	1	0	0
200912	1051	C	007296177	L	1	0	0
200912	1051	D	001036912	L	1	0	0
200912	1051	E	009241744	L	1	0	0
200912	1051	F	001075381	L	1	0	0
200912	1051	G	007517246	L	1	0	0
200912	1052	A	XXXXXXXXX	0	0	0	0
200912	1052	B	009373195	L	1	0	0
200912	1052	C	006208827	L	1	0	0
200912	1052	D	XXXXXXXXX	0	0	0	0
200912	1052	E	001072900	L	1	0	0
200912	1052	F	001073117	L	1	0	0
200912	1052	G	011479448	L	1	0	0
200912	1061	A	001051180	L	1	0	0
200912	1061	B	001054783	L	1	0	0
200912	1061	C	005539242	L	1	0	0
200912	1061	D	008950830	L	1	0	0
200912	1061	E	011478662	L	1	0	0
200912	1061	F	XXXXXXXXX	0	0	0	0
200912	1061	G	001045857	L	1	0	0
200912	1061	H	002806827	L	1	0	0
200912	1071	A	009934928	L	1	0	0
200912	1071	B	009849726	L	1	0	0
200912	1071	C	001109472	L	1	0	0
200912	1071	D	010907926	L	1	0	0
200912	1071	E	010636604	L	1	0	0
200912	1071	F	020040998	L	1	0	0
200912	1071	G	008603499	L	1	0	0
200912	1071	H	001114255	L	1	0	0
200912	1071	I	001108859	L	1	0	0
200912	1072	A	008627932	L	1	0	0
200912	1072	B	009710302	L	1	0	0
200912	1072	C	003433633	L	1	0	0
200912	1072	D	005944708	L	1	0	0
200912	1072	E	026848903	L	1	0	0
200912	1072	F	001111353	L	1	0	0
200912	1072	G	001112082	L	1	0	0
200912	1072	H	001115448	L	1	0	0
200912	1072	I	001135260	L	1	0	0
200912	1072	J	011056253	L	1	0	0
200912	1073	A	XXXXXXXXX	0	0	0	0
200912	1073	B	023976722	L	1	0	0
200912	1073	C	001121480	L	1	0	0
200912	1073	D	010890977	L	1	0	0
200912	1073	E	006185673	L	1	0	0
200912	1073	F	007633416	L	1	0	0
200912	1073	G	001122061	L	1	0	0
200912	1073	H	007634099	L	1	0	0
200912	1073	I	011389112	L	1	0	0
200912	1074	A	002616726	L	1	0	0
200912	1074	B	001846965	L	1	0	0
200912	1074	C	001129589	L	1	0	0
200912	1074	D	020056991	L	1	0	0
200912	1074	E	009772413	L	1	0	0
200912	1074	F	001131427	L	1	0	0
200912	1074	G	001131184	L	1	0	0
200912	1074	H	008380120	L	1	0	0
200912	1074	I	021073156	L	1	0	0
200912	1074	J	009844805	L	1	0	0
200912	1075	A	003121151	L	1	0	0
200912	1075	B	001095404	L	1	0	0
200912	1075	C	004851099	L	1	0	0
200912	1075	D	001134175	L	1	0	0
200912	1075	E	003303349	L	1	0	0
200912	1075	F	005715407	L	1	0	0
200912	1075	G	012015909	L	1	0	0
200912	1075	H	011765742	L	1	0	0
200912	1075	I	020498692	L	1	0	0
200912	1075	J	011509746	L	1	0	0
200912	1111	A	010843790	L	1	0	0
200912	1111	B	004183517	L	1	0	0
200912	1111	C	000121207	L	1	0	0
200912	1111	D	010647908	L	1	0	0
200912	1111	E	002907534	L	1	0	0
200912	1111	F	010355885	L	1	0	0
200912	1111	G	004101790	L	1	0	0
200912	1111	H	000126004	L	1	0	0
200912	1111	I	004652622	L	1	0	0
200912	1111	J	010132320	L	1	0	0
200912	1111	K	003356418	L	1	0	0
200912	1112	A	010968860	L	1	0	0
200912	1112	B	007268076	L	1	0	0
200912	1112	C	000133957	L	1	0	0
200912	1112	D	000132233	L	1	0	0
200912	1112	E	000135453	L	1	0	0
200912	1112	F	003922766	L	1	0	0
200912	1112	G	001358812	L	1	0	0
200912	1112	H	000136956	L	1	0	0
200912	1112	I	000139572	L	1	0	0
200912	1112	J	010592925	L	1	0	0
200912	1113	A	XXXXXXXXX	0	0	0	0
200912	1113	B	XXXXXXXXX	0	0	0	0
200912	1113	C	XXXXXXXXX	0	0	0	0
200912	1113	D	XXXXXXXXX	0	0	0	0
200912	1113	E	XXXXXXXXX	0	0	0	0
200912	1113	F	XXXXXXXXX	0	0	0	0
200912	1113	G	XXXXXXXXX	0	0	0	0
200912	1113	H	XXXXXXXXX	0	0	0	0
200912	1113	I	XXXXXXXXX	0	0	0	0
200912	1113	J	XXXXXXXXX	0	0	0	0
200912	1113	K	XXXXXXXXX	0	0	0	0
200912	1113	L	XXXXXXXXX	0	0	0	0
200912	1113	M	XXXXXXXXX	0	0	0	0
200912	1114	A	XXXXXXXXX	0	0	0	0
200912	1114	B	XXXXXXXXX	0	0	0	0
200912	1114	C	XXXXXXXXX	0	0	0	0
200912	1114	D	XXXXXXXXX	0	0	0	0
200912	1115	A	XXXXXXXXX	0	0	0	0
200912	1115	B	XXXXXXXXX	0	0	0	0
200912	1115	C	XXXXXXXXX	0	0	0	0
200912	1211	A	000092975	L	1	0	0
200912	1211	B	000093432	L	1	0	0
200912	1211	C	008984212	L	1	0	0
200912	1211	D	021188085	L	1	0	0
200912	1211	E	022102958	L	1	0	0
200912	1211	F	021379816	L	1	0	0
200912	1211	G	008991812	L	1	0	0
200912	1211	H	004502302	L	1	0	0
200912	1211	I	000108707	L	1	0	0
200912	1212	A	000101397	L	1	0	0
200912	1212	B	000104175	L	1	0	0
200912	1212	C	000103128	L	1	0	0
200912	1212	D	010532019	L	1	0	0
200912	1212	E	011659462	L	1	0	0
200912	1212	F	001504649	L	1	0	0
200912	1212	G	004766695	L	1	0	0
200912	1212	H	003873579	L	1	0	0
200912	1212	I	007779968	L	1	0	0
200912	1212	J	006060072	L	1	0	0
200912	1221	A	000063827	L	1	0	0
200912	1221	B	000063746	L	1	0	0
200912	1221	C	020644850	L	1	0	0
200912	1221	D	006565670	L	1	0	0
200912	1221	D	007846517	L	0	0	0
200912	1221	E	008186529	L	1	0	0
200912	1221	F	000069124	L	1	0	0
200912	1221	G	000069809	L	1	0	0
200912	1221	H	000072087	L	1	0	0
200912	1221	I	000072664	L	1	0	0
200912	1222	A	003572331	L	1	0	0
200912	1222	B	000075264	L	1	0	0
200912	1222	C	001366823	L	1	0	0
200912	1222	D	007689098	L	1	0	0
200912	1222	E	010481449	L	1	0	0
200912	1222	F	000080969	L	1	0	0
200912	1222	G	000082740	L	1	0	0
200912	1222	H	001591630	L	1	0	0
200912	1222	I	000083151	L	1	0	0
200912	1222	J	021840335	L	1	0	0
200912	1223	A	021561258	L	1	0	0
200912	1223	B	003184439	L	1	0	0
200912	1223	C	010545056	L	1	0	0
200912	1223	D	008729069	L	1	0	0
200912	1223	E	011772471	L	1	0	0
200912	1223	F	000087513	L	1	0	0
200912	1223	G	007541325	L	1	0	0
200912	1223	H	002496127	L	1	0	0
200912	1223	I	000091251	L	1	0	0
200912	1231	A	003832171	L	1	0	0
200912	1231	B	005052203	L	1	0	0
200912	1231	C	011327125	L	1	0	0
200912	1231	D	002447452	L	1	0	0
200912	1231	E	010131243	L	1	0	0
200912	1231	F	009470905	L	1	0	0
200912	1231	G	000115975	L	1	0	0
200912	1231	H	010421616	L	1	0	0
200912	1231	I	021582816	L	1	0	0
200912	1231	J	003271455	L	1	0	0
200912	1231	K	000117145	L	1	0	0
200912	1231	L	002629585	L	1	0	0
200912	1241	A	000055522	L	1	0	0
200912	1241	B	003362213	L	1	0	0
200912	1241	C	005556449	L	1	0	0
200912	1241	D	009276556	L	1	0	0
200912	1241	E	011772994	L	1	0	0
200912	1241	F	000061182	L	1	0	0
200912	1241	G	010644860	L	1	0	0
200912	1241	H	021379522	L	1	0	0
200912	1251	A	006781667	L	1	0	0
200912	1251	B	006970095	L	1	0	0
200912	1251	C	010417325	L	1	0	0
200912	1251	D	000001740	L	1	0	0
200912	1251	E	000019828	L	1	0	0
200912	1251	F	000003735	L	1	0	0
200912	1251	G	005952468	L	1	0	0
200912	1251	H	009625879	L	1	0	0
200912	1251	I	010476399	L	1	0	0
200912	1252	A	011516904	L	1	0	0
200912	1252	B	012144512	L	1	0	0
200912	1252	C	006361072	L	1	0	0
200912	1252	D	006105599	L	1	0	0
200912	1252	E	009715630	L	1	0	0
200912	1252	F	000009873	L	1	0	0
200912	1252	G	000032042	L	1	0	0
200912	1252	H	021865184	L	1	0	0
200912	1252	I	006105157	L	1	0	0
200912	1252	J	000030899	L	1	0	0
200912	1253	A	004407784	L	1	0	0
200912	1253	B	009470956	L	1	0	0
200912	1253	C	000020923	L	1	0	0
200912	1253	D	000022160	L	1	0	0
200912	1253	E	000020885	L	1	0	0
200912	1253	F	004766350	L	1	0	0
200912	1253	G	000018856	L	1	0	0
200912	1253	H	008460132	L	1	0	0
200912	1254	A	004609670	L	1	0	0
200912	1254	B	000037176	L	1	0	0
200912	1254	C	010066522	L	1	0	0
200912	1254	D	004005260	L	1	0	0
200912	1254	E	000030805	L	1	0	0
200912	1254	F	000029076	L	1	0	0
200912	1254	G	011115489	L	1	0	0
200912	1254	H	005897416	L	1	0	0
200912	1255	A	002489724	L	1	0	0
200912	1255	B	000016926	L	1	0	0
200912	1255	C	000006297	L	1	0	0
200912	1255	D	006515622	L	1	0	0
200912	1255	E	000025232	L	1	0	0
200912	1255	F	000025887	L	1	0	0
200912	1255	G	007698526	L	1	0	0
200912	1255	H	000026433	L	1	0	0
200912	1257	A	000012068	L	1	0	0
200912	1257	B	000012734	L	1	0	0
200912	1257	C	011520154	L	1	0	0
200912	1257	D	000016179	L	1	0	0
200912	1257	E	010346207	L	1	0	0
200912	1257	F	011993400	L	1	0	0
200912	1257	G	010289130	L	1	0	0
200912	1261	A	006063136	L	1	0	0
200912	1261	B	011443648	L	1	0	0
200912	1261	C	008730423	L	1	0	0
200912	1261	D	008521786	L	1	0	0
200912	1261	E	000043060	L	1	0	0
200912	1261	F	000042676	L	1	0	0
200912	1261	G	009281363	L	1	0	0
200912	1261	H	008682380	L	1	0	0
200912	1261	I	006583113	L	1	0	0
200912	1261	J	000042455	L	1	0	0
200912	1262	A	XXXXXXXXX	0	0	0	0
200912	1262	B	XXXXXXXXX	0	0	0	0
200912	1262	C	XXXXXXXXX	0	0	0	0
200912	1262	D	XXXXXXXXX	0	0	0	0
200912	1271	A	000045438	L	1	0	0
200912	1271	B	001412574	L	1	0	0
200912	1271	C	001826751	L	1	0	0
200912	1271	D	009338128	L	1	0	0
200912	1271	E	020448679	L	1	0	0
200912	1271	F	006633307	L	1	0	0
200912	1271	G	000050083	L	1	0	0
200912	1271	H	008913455	L	1	0	0
200912	1271	I	010780780	L	1	0	0
200912	1271	J	007491964	L	1	0	0
200912	1271	K	008259836	L	1	0	0
200912	2021	A	000980471	L	1	0	0
200912	2021	B	000979155	L	1	0	0
200912	2021	C	000977802	L	1	0	0
200912	2021	D	005578531	L	1	0	0
200912	2021	E	000980358	L	1	0	0
200912	2021	F	007975465	L	1	0	0
200912	2021	G	020225777	L	1	0	0
200912	2021	H	021765597	L	1	0	0
200912	2031	A	004713680	L	1	0	0
200912	2031	B	010747937	L	1	0	0
200912	2031	C	001007459	L	1	0	0
200912	2031	D	003248607	L	1	0	0
200912	2031	E	001008897	L	1	0	0
200912	2031	F	011482805	L	1	0	0
200912	2031	G	002929538	L	1	0	0
200912	2031	H	001022466	L	1	0	0
200912	2041	A	001021222	L	1	0	0
200912	2041	B	005743028	L	1	0	0
200912	2041	C	001020366	L	1	0	0
200912	2041	D	010566029	L	1	0	0
200912	2041	E	001019309	L	1	0	0
200912	2041	F	011952887	L	1	0	0
200912	2042	A	009674500	L	1	0	0
200912	2042	B	001017276	L	1	0	0
200912	2042	C	005617537	L	1	0	0
200912	2042	D	011623190	L	1	0	0
200912	2042	E	001017527	L	1	0	0
200912	2042	F	004292715	L	1	0	0
200912	2051	A	011558135	L	1	0	0
200912	2051	B	002083515	L	1	0	0
200912	2051	C	000983357	L	1	0	0
200912	2051	D	000984248	L	1	0	0
200912	2051	E	007128029	L	1	0	0
200912	2051	F	000985309	L	1	0	0
200912	2052	A	010394708	L	1	0	0
200912	2052	B	009894624	L	1	0	0
200912	2052	C	000988561	L	1	0	0
200912	2052	D	000987581	L	1	0	0
200912	2052	E	003338983	L	1	0	0
200912	2052	F	002652587	L	1	0	0
200912	2061	A	011217168	L	1	0	0
200912	2061	B	012179472	L	1	0	0
200912	2061	C	027267653	L	1	0	0
200912	2061	D	010677114	L	1	0	0
200912	2061	E	007906501	L	1	0	0
200912	2061	F	001003232	L	1	0	0
200912	2061	G	001001760	L	1	0	0
200912	2062	A	011625738	L	1	0	0
200912	2062	B	001020773	L	1	0	0
200912	2062	C	006389015	L	1	0	0
200912	2062	D	010325412	L	1	0	0
200912	2062	E	020379561	L	1	0	0
200912	2062	F	003981746	L	1	0	0
200912	2062	G	008546541	L	1	0	0
200912	2062	H	001000853	L	1	0	0
200912	2063	A	004255127	L	1	0	0
200912	2063	B	006817718	L	1	0	0
200912	2063	C	008547483	L	1	0	0
200912	2063	D	000993220	L	1	0	0
200912	2063	E	009110178	L	1	0	0
200912	2063	F	000992488	L	1	0	0
200912	2063	G	001006169	L	1	0	0
200912	2091	A	000831166	L	1	0	0
200912	2091	B	001030140	L	1	0	0
200912	2091	C	002814714	L	1	0	0
200912	2091	D	011953468	L	1	0	0
200912	2091	E	001027905	L	1	0	0
200912	2091	F	002695154	L	1	0	0
200912	2092	A	002262207	L	1	0	0
200912	2092	B	012083793	L	1	0	0
200912	2092	C	023043602	L	1	0	0
200912	2092	D	011087574	L	1	0	0
200912	2092	E	001031627	L	1	0	0
200912	2092	F	011286933	L	1	0	0
200912	2095	A	003700550	L	1	0	0
200912	2095	B	007827210	L	1	0	0
200912	2095	C	003118444	L	1	0	0
200912	2095	D	007303750	L	1	0	0
200912	2095	E	002225158	L	1	0	0
200912	2095	F	009605525	L	1	0	0
200912	2095	G	004013212	L	1	0	0
200912	2096	A	011955592	L	1	0	0
200912	2096	B	005103576	L	1	0	0
200912	2096	C	007908555	L	1	0	0
200912	2096	D	005139104	L	1	0	0
200912	2096	E	000836265	L	1	0	0
200912	2096	F	009386297	L	1	0	0
200912	2097	A	009113223	L	1	0	0
200912	2097	B	002096013	L	1	0	0
200912	2097	C	002348411	L	1	0	0
200912	2097	D	010987288	L	1	0	0
200912	2097	E	003220486	L	1	0	0
200912	2097	F	000828718	L	1	0	0
200912	2097	G	020914092	L	1	0	0
200912	2098	A	009111034	L	1	0	0
200912	2098	B	003420191	L	1	0	0
200912	2098	C	008300054	L	1	0	0
200912	2098	D	002199815	L	1	0	0
200912	2098	E	003218260	L	1	0	0
200912	2098	F	003214915	L	1	0	0
200912	2098	G	009244786	L	1	0	0
200912	2098	H	011369677	L	1	0	0
200912	2111	A	000210374	L	1	0	0
200912	2111	B	009414800	L	1	0	0
200912	2111	C	000208817	L	1	0	0
200912	2111	D	011393969	L	1	0	0
200912	2111	E	009569413	L	1	0	0
200912	2111	F	000209805	L	1	0	0
200912	2112	A	000210757	L	1	0	0
200912	2112	B	020181060	L	1	0	0
200912	2112	C	000211877	L	1	0	0
200912	2112	D	000212423	L	1	0	0
200912	2112	E	000213233	L	1	0	0
200912	2112	F	002326914	L	1	0	0
200912	2112	G	006521339	L	1	0	0
200912	2112	H	002277530	L	1	0	0
200912	2113	A	XXXXXXXXX	0	0	0	0
200912	2121	A	001493175	L	1	0	0
200912	2121	B	004302125	L	1	0	0
200912	2121	C	000167312	L	1	0	0
200912	2121	D	007952023	L	1	0	0
200912	2121	E	010656095	L	1	0	0
200912	2121	F	021013544	L	1	0	0
200912	2121	G	002726238	L	1	0	0
200912	2121	H	008931097	L	1	0	0
200912	2122	A	004949854	L	1	0	0
200912	2122	B	010788528	L	1	0	0
200912	2122	C	000173096	L	1	0	0
200912	2122	D	000175692	L	1	0	0
200912	2122	E	000173401	L	1	0	0
200912	2122	F	000174483	L	1	0	0
200912	2122	G	000175811	L	1	0	0
200912	2123	A	009947930	L	1	0	0
200912	2123	B	000155144	L	1	0	0
200912	2123	C	001364316	L	1	0	0
200912	2123	D	008851263	L	1	0	0
200912	2123	E	005482631	L	1	0	0
200912	2123	F	000157821	L	1	0	0
200912	2123	G	009005951	L	1	0	0
200912	2123	H	003915581	L	1	0	0
200912	2125	A	000193267	L	1	0	0
200912	2125	B	000192570	L	1	0	0
200912	2125	C	000158909	L	1	0	0
200912	2125	D	000191094	L	1	0	0
200912	2125	E	006281575	L	1	0	0
200912	2125	F	006371906	L	1	0	0
200912	2125	G	010231752	L	1	0	0
200912	2125	H	000187380	L	1	0	0
200912	2126	A	XXXXXXXXX	0	0	0	0
200912	2126	B	020465174	L	1	0	0
200912	2126	C	002237431	L	1	0	0
200912	2126	D	022920111	L	1	0	0
200912	2126	E	020809108	L	1	0	0
200912	2127	A	000217980	L	1	0	0
200912	2127	B	004766156	L	1	0	0
200912	2127	C	000216070	L	1	0	0
200912	2127	D	009009841	L	1	0	0
200912	2127	E	011664334	L	1	0	0
200912	2127	F	000198277	L	1	0	0
200912	2127	G	009994661	L	1	0	0
200912	2127	H	012898576	L	1	0	0
200912	2127	I	000199664	L	1	0	0
200912	2128	A	002402610	L	1	0	0
200912	2128	B	001358197	L	1	0	0
200912	2128	C	020576529	L	1	0	0
200912	2128	D	006326293	L	1	0	0
200912	2128	E	021017213	L	1	0	0
200912	2128	F	000164321	L	1	0	0
200912	2128	G	012114796	L	1	0	0
200912	2128	H	005525551	L	1	0	0
200912	2129	A	000180939	L	1	0	0
200912	2129	B	000180491	L	1	0	0
200912	2129	C	005073308	L	1	0	0
200912	2129	D	000183172	L	1	0	0
200912	2129	E	008737487	L	1	0	0
200912	2129	F	000160172	L	1	0	0
200912	2129	G	002111608	L	1	0	0
200912	2131	A	009489282	L	1	0	0
200912	2131	B	011995799	L	1	0	0
200912	2131	C	000157287	L	1	0	0
200912	2131	D	021624705	L	1	0	0
200912	2131	E	000204749	L	1	0	0
200912	2131	F	000205826	L	1	0	0
200912	2132	A	009153721	L	1	0	0
200912	2132	B	001902245	L	1	0	0
200912	2132	C	007871422	L	1	0	0
200912	2132	D	004772288	L	1	0	0
200912	2132	E	XXXXXXXXX	0	0	0	0
200912	2133	A	011454852	L	1	0	0
200912	2133	B	000176532	L	1	0	0
200912	2133	C	010229928	L	1	0	0
200912	2133	D	000178268	L	1	0	0
200912	2133	E	000169773	L	1	0	0
200912	2133	F	000170100	L	1	0	0
200912	2133	G	000167142	L	1	0	0
200912	2141	A	000224383	L	1	0	0
200912	2141	B	009570616	L	1	0	0
200912	2141	C	004997212	L	1	0	0
200912	2141	D	022173219	L	1	0	0
200912	2141	E	000223921	L	1	0	0
200912	2311	A	006072801	L	1	0	0
200912	2311	B	022161113	L	1	0	0
200912	2311	C	011456103	L	1	0	0
200912	2311	D	011260438	L	1	0	0
200912	2311	E	020575085	L	1	0	0
200912	2311	F	010790611	L	1	0	0
200912	2311	G	008021112	L	1	0	0
200912	2311	H	000227846	L	1	0	0
200912	2311	I	003183602	L	1	0	0
200912	2312	A	009647228	L	1	0	0
200912	2312	B	010429935	L	1	0	0
200912	2312	C	011196187	L	1	0	0
200912	2312	D	003280640	L	1	0	0
200912	2312	E	006158013	L	1	0	0
200912	2312	F	011394841	L	1	0	0
200912	2313	A	008022070	L	1	0	0
200912	2313	B	008336881	L	1	0	0
200912	2313	C	005155851	L	1	0	0
200912	2313	D	011127843	L	1	0	0
200912	2313	E	021617571	L	1	0	0
200912	2314	A	003324168	L	1	0	0
200912	2314	B	023844613	L	1	0	0
200912	2314	C	XXXXXXXXX	0	0	0	0
200912	2314	D	011335748	L	1	0	0
200912	2314	E	XXXXXXXXX	0	0	0	0
200912	2315	A	009089683	L	1	0	0
200912	2315	B	004508785	L	1	0	0
200912	2315	C	000233196	L	1	0	0
200912	2315	D	000228427	L	1	0	0
200912	2315	E	006793401	L	1	0	0
200912	2315	F	004771079	L	1	0	0
200912	3011	A	000774707	L	1	0	0
200912	3011	B	002183617	L	1	0	0
200912	3011	C	000740438	L	1	0	0
200912	3011	D	000743402	L	1	0	0
200912	3011	E	010391776	L	1	0	0
200912	3011	F	005539501	L	1	0	0
200912	3011	G	000739200	L	1	0	0
200912	3012	A	001440438	L	1	0	0
200912	3012	B	006680194	L	1	0	0
200912	3012	C	005972167	L	1	0	0
200912	3012	D	004313186	L	1	0	0
200912	3012	E	004154525	L	1	0	0
200912	3012	F	009035710	L	1	0	0
200912	3012	G	003731928	L	1	0	0
200912	3012	H	009680144	L	1	0	0
200912	3012	I	010946638	L	1	0	0
200912	3012	J	021782572	L	1	0	0
200912	3013	A	006676987	L	1	0	0
200912	3013	B	007825285	L	1	0	0
200912	3013	C	003699803	L	1	0	0
200912	3013	D	011297315	L	1	0	0
200912	3013	E	004207173	L	1	0	0
200912	3013	F	011491634	L	1	0	0
200912	3013	G	000730475	L	1	0	0
200912	3013	H	009178139	L	1	0	0
200912	3013	I	023122022	L	1	0	0
200912	3013	J	007352751	L	1	0	0
200912	3014	A	004312449	L	1	0	0
200912	3014	B	000747815	L	1	0	0
200912	3014	C	000746541	L	1	0	0
200912	3014	D	006048641	L	1	0	0
200912	3014	E	008429375	L	1	0	0
200912	3014	F	005412218	L	1	0	0
200912	3014	G	006678041	L	1	0	0
200912	3014	H	007246390	L	1	0	0
200912	3014	I	000751715	L	1	0	0
200912	3014	J	008231036	L	1	0	0
200912	3015	A	000761613	L	1	0	0
200912	3015	B	009378510	L	1	0	0
200912	3015	C	003108112	L	1	0	0
200912	3015	D	004153278	L	1	0	0
200912	3015	E	001481681	L	1	0	0
200912	3015	F	004782208	L	1	0	0
200912	3015	G	001442058	L	1	0	0
200912	3015	H	004202627	L	1	0	0
200912	3016	A	005617545	L	1	0	0
200912	3016	B	011096336	L	1	0	0
200912	3016	C	001989235	L	1	0	0
200912	3016	D	011092004	L	1	0	0
200912	3016	E	007602480	L	1	0	0
200912	3016	F	022368141	L	1	0	0
200912	3016	G	000762717	L	1	0	0
200912	3016	H	002087464	L	1	0	0
200912	3017	A	000764086	L	1	0	0
200912	3017	B	005412145	L	1	0	0
200912	3017	C	021735809	L	1	0	0
200912	3017	D	003900452	L	1	0	0
200912	3031	A	007602952	L	1	0	0
200912	3031	B	008811865	L	1	0	0
200912	3031	C	012022204	L	1	0	0
200912	3031	D	001521241	L	1	0	0
200912	3031	E	011838847	L	1	0	0
200912	3031	F	000791342	L	1	0	0
200912	3031	G	000774871	L	1	0	0
200912	3031	H	009251081	L	1	0	0
200912	3031	I	009677224	L	1	0	0
200912	3031	J	004386841	L	1	0	0
200912	3032	A	007406029	L	1	0	0
200912	3032	B	000766259	L	1	0	0
200912	3032	C	000766402	L	1	0	0
200912	3032	D	003380750	L	1	0	0
200912	3032	E	000768979	L	1	0	0
200912	3032	F	001389580	L	1	0	0
200912	3032	G	008163480	L	1	0	0
200912	3032	H	000768529	L	1	0	0
200912	3032	I	000771570	L	1	0	0
200912	3032	J	009975578	L	1	0	0
200912	3033	A	004388119	L	1	0	0
200912	3033	B	000775983	L	1	0	0
200912	3033	C	010256607	L	1	0	0
200912	3033	D	003858626	L	1	0	0
200912	3033	E	002724960	L	1	0	0
200912	3033	F	007825099	L	1	0	0
200912	3033	G	000779296	L	1	0	0
200912	3033	H	006134440	L	1	0	0
200912	3033	I	009600582	L	1	0	0
200912	3033	J	006174876	L	1	0	0
200912	3034	A	002380552	L	1	0	0
200912	3034	B	003698815	L	1	0	0
200912	3034	C	005226880	L	1	0	0
200912	3034	D	007465424	L	1	0	0
200912	3034	E	010062411	L	1	0	0
200912	3034	F	005703484	L	1	0	0
200912	3034	G	009317201	L	1	0	0
200912	3034	H	008297444	L	1	0	0
200912	3034	I	003156265	L	1	0	0
200912	3035	A	009177108	L	1	0	0
200912	3035	B	000809470	L	1	0	0
200912	3035	C	000827878	L	1	0	0
200912	3035	D	006898262	L	1	0	0
200912	3035	E	002085151	L	1	0	0
200912	3035	F	011415326	L	1	0	0
200912	3035	G	005495032	L	1	0	0
200912	3035	H	005227496	L	1	0	0
200912	3036	A	011956866	L	1	0	0
200912	3036	B	012239009	L	1	0	0
200912	3036	C	024830985	L	1	0	0
200912	3036	D	021311839	L	1	0	0
200912	3036	E	001445847	L	1	0	0
200912	3036	F	000780537	L	1	0	0
200912	3036	G	009681183	L	1	0	0
200912	3036	H	008492948	L	1	0	0
200912	3036	I	004615522	L	1	0	0
200912	3036	J	000809373	L	1	0	0
200912	3037	A	000818232	L	1	0	0
200912	3037	B	020057300	L	1	0	0
200912	3037	C	011292798	L	1	0	0
200912	3037	D	007661215	L	1	0	0
200912	3037	E	006614388	L	1	0	0
200912	3037	F	000800309	L	1	0	0
200912	3037	G	002300257	L	1	0	0
200912	3041	A	010745268	L	1	0	0
200912	3041	B	008355568	L	1	0	0
200912	3041	C	005131936	L	1	0	0
200912	3041	D	004744705	L	1	0	0
200912	3041	E	011417884	L	1	0	0
200912	3041	F	025961285	L	1	0	0
200912	3041	G	004487591	L	1	0	0
200912	3041	H	000715948	L	1	0	0
200912	3042	A	009515097	L	1	0	0
200912	3042	B	002519631	L	1	0	0
200912	3042	C	021324655	L	1	0	0
200912	3042	D	005026830	L	1	0	0
200912	3042	E	020634669	L	1	0	0
200912	3042	F	010942993	L	1	0	0
200912	3042	G	002261162	L	1	0	0
200912	3042	H	021743445	L	1	0	0
200912	3043	A	002336421	L	1	0	0
200912	3043	B	005925975	L	1	0	0
200912	3043	C	006613489	L	1	0	0
200912	3043	D	009435697	L	1	0	0
200912	3043	E	021104671	L	1	0	0
200912	3043	F	000715549	L	1	0	0
200912	3043	G	000715514	L	1	0	0
200912	3111	A	000314595	L	1	0	0
200912	3111	B	006271219	L	1	0	0
200912	3111	C	010715679	L	1	0	0
200912	3111	D	004096436	L	1	0	0
200912	3111	E	008735379	L	1	0	0
200912	3111	F	011118577	L	1	0	0
200912	3111	G	010651689	L	1	0	0
200912	3111	H	001967878	L	1	0	0
200912	3111	I	008988528	L	1	0	0
200912	3111	J	001783467	L	1	0	0
200912	3112	A	000311626	L	1	0	0
200912	3112	B	005722748	L	1	0	0
200912	3112	C	006776248	L	1	0	0
200912	3112	D	003571955	L	1	0	0
200912	3112	E	004364961	L	1	0	0
200912	3112	F	005246318	L	1	0	0
200912	3112	G	000310476	L	1	0	0
200912	3113	A	007271468	L	1	0	0
200912	3113	B	009723048	L	1	0	0
200912	3113	C	000293547	L	1	0	0
200912	3113	D	002279444	L	1	0	0
200912	3113	E	002286696	L	1	0	0
200912	3113	F	008924643	L	1	0	0
200912	3113	G	005721881	L	1	0	0
200912	3113	H	002004860	L	1	0	0
200912	3113	I	024137708	L	1	0	0
200912	3113	J	002363674	L	1	0	0
200912	3114	A	009086277	L	1	0	0
200912	3114	B	003576213	L	1	0	0
200912	3114	C	008925380	L	1	0	0
200912	3114	D	002678489	L	1	0	0
200912	3114	E	000286214	L	1	0	0
200912	3114	F	009287981	L	1	0	0
200912	3114	G	011403344	L	1	0	0
200912	3114	H	000322733	L	1	0	0
200912	3114	I	007620160	L	1	0	0
200912	3115	A	000272779	L	1	0	0
200912	3115	B	002586444	L	1	0	0
200912	3115	C	004454510	L	1	0	0
200912	3115	D	004454332	L	1	0	0
200912	3115	E	000313327	L	1	0	0
200912	3115	F	011989691	L	1	0	0
200912	3115	G	005205166	L	1	0	0
200912	3115	H	004644921	L	1	0	0
200912	3116	A	007323980	L	1	0	0
200912	3116	B	003133265	L	1	0	0
200912	3116	C	000259659	L	1	0	0
200912	3116	D	024966062	L	1	0	0
200912	3116	E	006272894	L	1	0	0
200912	3116	F	004767756	L	1	0	0
200912	3116	G	009076972	L	1	0	0
200912	3116	H	012883439	L	1	0	0
200912	3116	I	007854765	L	1	0	0
200912	3116	J	000312193	L	1	0	0
200912	3117	A	010542839	L	1	0	0
200912	3117	B	002202115	L	1	0	0
200912	3117	C	000276413	L	1	0	0
200912	3117	D	003232476	L	1	0	0
200912	3117	E	007378068	L	1	0	0
200912	3117	F	000274992	L	1	0	0
200912	3117	G	001776312	L	1	0	0
200912	3117	H	000277908	L	1	0	0
200912	3118	A	005560608	L	1	0	0
200912	3118	B	000282103	L	1	0	0
200912	3118	C	003441512	L	1	0	0
200912	3118	D	002860708	L	1	0	0
200912	3118	E	000281158	L	1	0	0
200912	3118	F	005987172	L	1	0	0
200912	3118	G	000280380	L	1	0	0
200912	3118	H	000280372	L	1	0	0
200912	3119	A	000247529	L	1	0	0
200912	3119	B	011192793	L	1	0	0
200912	3119	C	002916614	L	1	0	0
200912	3119	D	000249718	L	1	0	0
200912	3119	E	010542820	L	1	0	0
200912	3119	F	005677599	L	1	0	0
200912	3119	G	024144771	L	1	0	0
200912	3119	H	000256005	L	1	0	0
200912	3119	I	000256226	L	1	0	0
200912	3121	A	000295302	L	1	0	0
200912	3121	B	008133913	L	1	0	0
200912	3121	C	000268984	L	1	0	0
200912	3121	D	010286492	L	1	0	0
200912	3121	E	010711495	L	1	0	0
200912	3121	F	000299502	L	1	0	0
200912	3121	G	010596874	L	1	0	0
200912	3121	H	004406591	L	1	0	0
200912	3121	I	009343113	L	1	0	0
200912	3122	A	010076390	L	1	0	0
200912	3122	B	006110460	L	1	0	0
200912	3122	C	007546653	L	1	0	0
200912	3122	D	008987866	L	1	0	0
200912	3122	E	010971012	L	1	0	0
200912	3122	F	004945328	L	1	0	0
200912	3122	G	011385702	L	1	0	0
200912	3122	H	006643191	L	1	0	0
200912	3123	A	000256471	L	1	0	0
200912	3123	B	002448327	L	1	0	0
200912	3123	C	008569983	L	1	0	0
200912	3123	D	006776744	L	1	0	0
200912	3123	E	012203314	L	1	0	0
200912	3123	F	007434464	L	1	0	0
200912	3123	G	005677521	L	1	0	0
200912	3131	A	006471013	L	1	0	0
200912	3131	B	011250742	L	1	0	0
200912	3131	C	009405941	L	1	0	0
200912	3131	D	007215622	L	1	0	0
200912	3131	E	003147886	L	1	0	0
200912	3131	F	000326089	L	1	0	0
200912	3131	G	000328103	L	1	0	0
200912	3131	H	006859089	L	1	0	0
200912	3131	I	010778654	L	1	0	0
200912	3131	J	000323802	L	1	0	0
200912	3151	A	000139971	L	1	0	0
200912	3151	B	009213635	L	1	0	0
200912	3151	C	007161115	L	1	0	0
200912	3151	D	002318806	L	1	0	0
200912	3151	E	000142824	L	1	0	0
200912	3151	F	XXXXXXXXX	0	0	0	0
200912	3151	G	000145742	L	1	0	0
200912	3151	H	010487021	L	1	0	0
200912	3152	A	000146951	L	1	0	0
200912	3152	B	011933807	L	1	0	0
200912	3152	C	003324206	L	1	0	0
200912	3152	D	021906972	L	1	0	0
200912	3152	E	003528782	L	1	0	0
200912	3152	F	000149837	L	1	0	0
200912	3152	G	005790727	L	1	0	0
200912	3152	H	003444163	L	1	0	0
200912	3152	I	021906786	L	1	0	0
200912	4041	A	001189298	L	1	0	0
200912	4041	B	001189484	L	1	0	0
200912	4041	C	001189832	L	1	0	0
200912	4041	D	001190822	L	1	0	0
200912	4041	E	008100314	L	1	0	0
200912	4041	F	009317872	L	1	0	0
200912	4041	G	007012004	L	1	0	0
200912	4041	H	001193473	L	1	0	0
200912	4041	I	007079540	L	1	0	0
200912	4042	A	009601961	L	1	0	0
200912	4042	B	011634664	L	1	0	0
200912	4042	C	001197223	L	1	0	0
200912	4042	D	001196863	L	1	0	0
200912	4042	E	009042342	L	1	0	0
200912	4042	F	001201131	L	1	0	0
200912	4042	G	001204211	L	1	0	0
200912	4043	A	001200046	L	1	0	0
200912	4043	B	001200666	L	1	0	0
200912	4043	C	010065550	L	1	0	0
200912	4043	D	001201107	L	1	0	0
200912	4043	E	010063833	L	1	0	0
200912	4043	F	007426992	L	1	0	0
200912	4043	G	009196218	L	1	0	0
200912	4044	A	006013880	L	1	0	0
200912	4044	B	001212435	L	1	0	0
200912	4044	C	007469152	L	1	0	0
200912	4044	D	004164660	L	1	0	0
200912	4044	E	007564643	L	1	0	0
200912	4044	F	004164695	L	1	0	0
200912	4044	G	009895930	L	1	0	0
200912	4044	H	001165127	L	1	0	0
200912	4044	I	005704308	L	1	0	0
200912	4045	A	011691242	L	1	0	0
200912	4045	B	001192671	L	1	0	0
200912	4045	C	001198114	L	1	0	0
200912	4045	D	011224393	L	1	0	0
200912	4045	E	011973299	L	1	0	0
200912	4045	F	006753310	L	1	0	0
200912	4045	G	003624005	L	1	0	0
200912	4051	A	000700304	L	1	0	0
200912	4051	B	022373536	L	1	0	0
200912	4051	C	009321209	L	1	0	0
200912	4051	D	025425006	L	1	0	0
200912	4051	E	026506611	L	1	0	0
200912	4051	F	007665547	L	1	0	0
200912	4051	G	002937255	L	1	0	0
200912	4051	H	000704628	L	1	0	0
200912	4052	A	000708844	L	1	0	0
200912	4052	B	007009917	L	1	0	0
200912	4052	C	002381656	L	1	0	0
200912	4052	D	003301508	L	1	0	0
200912	4052	E	006395481	L	1	0	0
200912	4052	F	004943864	L	1	0	0
200912	4052	G	XXXXXXXXX	0	0	0	0
200912	4052	H	006093523	L	1	0	0
200912	4052	I	000705357	L	1	0	0
200912	4061	A	001216635	L	1	0	0
200912	4061	B	022374079	L	1	0	0
200912	4061	C	003163741	L	1	0	0
200912	4061	D	011826164	L	1	0	0
200912	4061	E	011488323	L	1	0	0
200912	4061	F	005621542	L	1	0	0
200912	4061	G	001219227	L	1	0	0
200912	4061	H	002695057	L	1	0	0
200912	4061	I	005621259	L	1	0	0
200912	4062	A	007013361	L	1	0	0
200912	4062	B	001226568	L	1	0	0
200912	4062	C	008611599	L	1	0	0
200912	4062	D	020904828	L	1	0	0
200912	4062	E	007524684	L	1	0	0
200912	4062	F	010328381	L	1	0	0
200912	4062	G	001228366	L	1	0	0
200912	4062	H	001229362	L	1	0	0
200912	4062	I	006257240	L	1	0	0
200912	4062	J	001227637	L	1	0	0
200912	4062	K	011174418	L	1	0	0
200912	4063	A	011691536	L	1	0	0
200912	4063	B	006136842	L	1	0	0
200912	4063	C	012129610	L	1	0	0
200912	4063	D	011641075	L	1	0	0
200912	4063	E	004056639	L	1	0	0
200912	4063	F	021310964	L	1	0	0
200912	4063	G	004992261	L	1	0	0
200912	4071	A	005265622	L	1	0	0
200912	4071	B	006579116	L	1	0	0
200912	4071	C	011901700	L	1	0	0
200912	4071	D	001236628	L	1	0	0
200912	4071	E	007359896	L	1	0	0
200912	4071	F	011364195	L	1	0	0
200912	4071	G	003162745	L	1	0	0
200912	4071	H	001237993	L	1	0	0
200912	4071	I	006016618	L	1	0	0
200912	4072	A	009775897	L	1	0	0
200912	4072	B	001243888	L	1	0	0
200912	4072	C	001240420	L	1	0	0
200912	4072	D	001239589	L	1	0	0
200912	4072	E	009254323	L	1	0	0
200912	4072	F	001239201	L	1	0	0
200912	4072	G	001241966	L	1	0	0
200912	4072	H	005707862	L	1	0	0
200912	4072	I	001242482	L	1	0	0
200912	4072	J	010122945	L	1	0	0
200912	4073	A	022696440	L	1	0	0
200912	4073	B	008439672	L	1	0	0
200912	4073	C	001232517	L	1	0	0
200912	4073	D	011093671	L	1	0	0
200912	4073	E	001231006	L	1	0	0
200912	4073	F	007424477	L	1	0	0
200912	4073	G	008501750	L	1	0	0
200912	4073	H	022321528	L	1	0	0
200912	4073	I	010461421	L	1	0	0
200912	4073	J	000788317	L	1	0	0
200912	4081	A	000788724	L	1	0	0
200912	4081	B	023710811	L	1	0	0
200912	4081	C	005114608	L	1	0	0
200912	4081	D	009691111	L	1	0	0
200912	4081	E	009050779	L	1	0	0
200912	4081	F	003545482	L	1	0	0
200912	4081	G	001453009	L	1	0	0
200912	4081	H	XXXXXXXXX	0	0	0	0
200912	4082	A	003427242	L	1	0	0
200912	4082	B	001724126	L	1	0	0
200912	4082	C	011497918	L	1	0	0
200912	4082	D	010018447	L	1	0	0
200912	4082	E	000818429	L	1	0	0
200912	4082	F	000817228	L	1	0	0
200912	4082	G	011305016	L	1	0	0
200912	4082	H	011495761	L	1	0	0
200912	4082	I	011632017	L	1	0	0
200912	4083	A	010118913	L	1	0	0
200912	4083	B	003426750	L	1	0	0
200912	4083	C	007913575	L	1	0	0
200912	4083	D	001880942	L	1	0	0
200912	4083	E	004317009	L	1	0	0
200912	4083	F	002308592	L	1	0	0
200912	4083	G	005844002	L	1	0	0
200912	4083	H	020425881	L	1	0	0
200912	4083	I	008715599	L	1	0	0
200912	4083	J	000821527	L	1	0	0
200912	4083	K	XXXXXXXXX	0	0	0	0
200912	4084	A	003305732	L	1	0	0
200912	4084	B	006503810	L	1	0	0
200912	4084	C	003009548	L	1	0	0
200912	4084	D	005458978	L	1	0	0
200912	4084	E	005500311	L	1	0	0
200912	4084	F	004938186	L	1	0	0
200912	4084	G	010528801	L	1	0	0
200912	4084	H	010193710	L	1	0	0
200912	4084	I	000810916	L	1	0	0
200912	4084	J	XXXXXXXXX	0	0	0	0
200912	4084	K	XXXXXXXXX	0	0	0	0
200912	4085	A	023697394	L	1	0	0
200912	4085	B	000801127	L	1	0	0
200912	4085	C	008765200	L	1	0	0
200912	4085	D	023697106	L	1	0	0
200912	4085	E	007566883	L	1	0	0
200912	4085	F	022370480	L	1	0	0
200912	4085	G	004728246	L	1	0	0
200912	4085	H	000801836	L	1	0	0
200912	4111	A	000375829	L	1	0	0
200912	4111	B	011202381	L	1	0	0
200912	4111	C	000374873	L	1	0	0
200912	4111	D	010497590	L	1	0	0
200912	4111	E	008531684	L	1	0	0
200912	4111	F	007171315	L	1	0	0
200912	4111	G	004412621	L	1	0	0
200912	4111	H	008476187	L	1	0	0
200912	4112	A	008858810	L	1	0	0
200912	4112	B	011210651	L	1	0	0
200912	4112	C	000350869	L	1	0	0
200912	4112	D	006934099	L	1	0	0
200912	4112	E	010233755	L	1	0	0
200912	4112	F	011798837	L	1	0	0
200912	4112	G	001499807	L	1	0	0
200912	4112	H	011133975	L	1	0	0
200912	4113	A	000363243	L	1	0	0
200912	4113	B	000362956	L	1	0	0
200912	4113	C	004102312	L	1	0	0
200912	4113	D	004813286	L	1	0	0
200912	4113	E	000364053	L	1	0	0
200912	4113	F	021234176	L	1	0	0
200912	4113	G	000344915	L	1	0	0
200912	4114	A	000368415	L	1	0	0
200912	4114	B	008939772	L	1	0	0
200912	4114	C	008279977	L	1	0	0
200912	4114	D	004185315	L	1	0	0
200912	4114	E	000370975	L	1	0	0
200912	4114	F	008796955	L	1	0	0
200912	4114	G	006795900	L	1	0	0
200912	4114	H	XXXXXXXXX	0	0	0	0
200912	4114	I	000366242	L	1	0	0
200912	4115	A	004516664	L	1	0	0
200912	4115	B	020330694	L	1	0	0
200912	4115	C	002066378	L	1	0	0
200912	4115	D	009223959	L	1	0	0
200912	4115	E	003871614	L	1	0	0
200912	4115	F	004462351	L	1	0	0
200912	4115	G	022193791	L	1	0	0
200912	4115	H	000359068	L	1	0	0
200912	4115	I	012069308	L	1	0	0
200912	4116	A	000346896	L	1	0	0
200912	4116	B	020685484	L	1	0	0
200912	4116	C	000346020	L	1	0	0
200912	4116	D	002969068	L	1	0	0
200912	4116	E	007389183	L	1	0	0
200912	4116	F	005111625	L	1	0	0
200912	4116	G	009803564	L	1	0	0
200912	4116	H	007170939	L	1	0	0
200912	4121	A	000333530	L	1	0	0
200912	4121	B	024679799	L	1	0	0
200912	4121	C	003792188	L	1	0	0
200912	4121	D	000336092	L	1	0	0
200912	4121	E	007502249	L	1	0	0
200912	4121	F	027632912	L	1	0	0
200912	4131	A	010308496	L	1	0	0
200912	4131	B	009921141	L	1	0	0
200912	4131	C	000341428	L	1	0	0
200912	4131	D	011734499	L	1	0	0
200912	4131	E	006653588	L	1	0	0
200912	4131	F	006118615	L	1	0	0
200912	4131	G	008274584	L	1	0	0
200912	4131	H	009159541	L	1	0	0
200912	4131	I	002115697	L	1	0	0
200912	4132	A	006379060	L	1	0	0
200912	4132	B	009223355	L	1	0	0
200912	4132	C	005785480	L	1	0	0
200912	4132	D	012909020	L	1	0	0
200912	4132	E	006555438	L	1	0	0
200912	4132	F	007876467	L	1	0	0
200912	4211	A	000377929	L	1	0	0
200912	4211	B	008799830	L	1	0	0
200912	4211	C	011734944	L	1	0	0
200912	4211	D	006733603	L	1	0	0
200912	4211	E	004921887	L	1	0	0
200912	4211	F	009225056	L	1	0	0
200912	4211	G	005442745	L	1	0	0
200912	4211	H	004869001	L	1	0	0
200912	4211	I	005868998	L	1	0	0
200912	4212	A	006073395	L	1	0	0
200912	4212	B	006283357	L	1	0	0
200912	4212	C	003799107	L	1	0	0
200912	4212	D	000383481	L	1	0	0
200912	4212	E	011939120	L	1	0	0
200912	4221	A	011144322	L	1	0	0
200912	4221	B	008146799	L	1	0	0
200912	4221	C	000385883	L	1	0	0
200912	4221	D	021067733	L	1	0	0
200912	4221	E	001975889	L	1	0	0
200912	4221	F	000388157	L	1	0	0
200912	4221	G	000388866	L	1	0	0
200912	4222	A	002922274	L	1	0	0
200912	4222	B	011403484	L	1	0	0
200912	4222	C	010156491	L	1	0	0
200912	4222	D	007647158	L	1	0	0
200912	4222	E	004566300	L	1	0	0
200912	4222	F	003242250	L	1	0	0
200912	4222	G	004653432	L	1	0	0
200912	4223	A	008591482	L	1	0	0
200912	4223	B	004611454	L	1	0	0
200912	4223	C	008703450	L	1	0	0
200912	4223	D	008800367	L	1	0	0
200912	4223	E	000394262	L	1	0	0
200912	4223	F	000397539	L	1	0	0
200912	4223	G	011740723	L	1	0	0
200912	4231	A	006429874	L	1	0	0
200912	4231	B	011678041	L	1	0	0
200912	4231	C	003100073	L	1	0	0
200912	4231	D	008075891	L	1	0	0
200912	4231	E	002369575	L	1	0	0
200912	4231	F	007503474	L	1	0	0
200912	4231	G	000404934	L	1	0	0
200912	4231	H	010160006	L	1	0	0
200912	4231	I	001428381	L	1	0	0
200912	4232	A	011876765	L	1	0	0
200912	4232	B	011609368	L	1	0	0
200912	4232	C	000408344	L	1	0	0
200912	4232	D	009953027	L	1	0	0
200912	4232	E	007587406	L	1	0	0
200912	4232	F	012905920	L	1	0	0
200912	5031	A	009121994	L	1	0	0
200912	5031	B	001246712	L	1	0	0
200912	5031	C	001247514	L	1	0	0
200912	5031	D	020072792	L	1	0	0
200912	5031	E	002263092	L	1	0	0
200912	5031	F	001247174	L	1	0	0
200912	5031	G	001249428	L	1	0	0
200912	5031	H	008436851	L	1	0	0
200912	5031	I	009834478	L	1	0	0
200912	5031	J	002433257	L	1	0	0
200912	5031	K	000824186	L	1	0	0
200912	5032	A	010189160	L	1	0	0
200912	5032	B	002306085	L	1	0	0
200912	5032	C	003707482	L	1	0	0
200912	5032	D	010070554	L	1	0	0
200912	5032	E	005187125	L	1	0	0
200912	5032	F	003862275	L	1	0	0
200912	5032	G	020079347	L	1	0	0
200912	5032	H	011757820	L	1	0	0
200912	5032	I	009762442	L	1	0	0
200912	5032	J	021109053	L	1	0	0
200912	5033	A	022744089	L	1	0	0
200912	5033	B	020074965	L	1	0	0
200912	5033	C	001274589	L	1	0	0
200912	5033	D	001250523	L	1	0	0
200912	5033	E	001252399	L	1	0	0
200912	5033	F	003210294	L	1	0	0
200912	5033	G	004486587	L	1	0	0
200912	5033	H	001271091	L	1	0	0
200912	5033	I	026055237	L	1	0	0
200912	5033	J	010824117	L	1	0	0
200912	5034	A	011430414	L	1	0	0
200912	5034	B	011046037	L	1	0	0
200912	5034	C	009975233	L	1	0	0
200912	5034	D	021503991	L	1	0	0
200912	5034	E	010189640	L	1	0	0
200912	5034	F	012187645	L	1	0	0
200912	5034	G	001269429	L	1	0	0
200912	5034	H	006582508	L	1	0	0
200912	5035	A	001294563	L	1	0	0
200912	5035	B	011916740	L	1	0	0
200912	5035	C	001266098	L	1	0	0
200912	5035	D	012090137	L	1	0	0
200912	5035	E	020908033	L	1	0	0
200912	5035	F	021117919	L	1	0	0
200912	5035	G	020907835	L	1	0	0
200912	5035	H	010332699	L	1	0	0
200912	5035	I	003628345	L	1	0	0
200912	5035	J	003072444	L	1	0	0
200912	5036	A	009382224	L	1	0	0
200912	5036	B	003906612	L	1	0	0
200912	5036	C	001263366	L	1	0	0
200912	5036	D	008043566	L	1	0	0
200912	5036	E	001261908	L	1	0	0
200912	5036	F	011100058	L	1	0	0
200912	5036	G	009975411	L	1	0	0
200912	5036	H	001260464	L	1	0	0
200912	5036	I	001261568	L	1	0	0
200912	5041	A	008102619	L	1	0	0
200912	5041	B	001293311	L	1	0	0
200912	5041	C	001293095	L	1	0	0
200912	5041	D	007019289	L	1	0	0
200912	5041	E	009765336	L	1	0	0
200912	5041	F	001290576	L	1	0	0
200912	5041	G	005142423	L	1	0	0
200912	5041	H	001289780	L	1	0	0
200912	5041	I	001988530	L	1	0	0
200912	5041	J	002092255	L	1	0	0
200912	5041	K	007834209	L	1	0	0
200912	5042	A	007081391	L	1	0	0
200912	5042	B	020069198	L	1	0	0
200912	5042	C	004446380	L	1	0	0
200912	5042	D	004678370	L	1	0	0
200912	5042	E	021775622	L	1	0	0
200912	5042	F	008368198	L	1	0	0
200912	5042	G	010330882	L	1	0	0
200912	5042	H	020251484	L	1	0	0
200912	5042	I	001304437	L	1	0	0
200912	5042	J	004132866	L	1	0	0
200912	5043	A	003069613	L	1	0	0
200912	5043	B	003259560	L	1	0	0
200912	5043	C	004349962	L	1	0	0
200912	5043	D	001296612	L	1	0	0
200912	5043	E	002429586	L	1	0	0
200912	5043	F	002047853	L	1	0	0
200912	5043	G	006907318	L	1	0	0
200912	5043	H	006688063	L	1	0	0
200912	5043	I	011232450	L	1	0	0
200912	5043	J	009527494	L	1	0	0
200912	5044	A	010526280	L	1	0	0
200912	5044	B	000888257	L	1	0	0
200912	5044	C	001288598	L	1	0	0
200912	5044	D	003627764	L	1	0	0
200912	5044	E	012141327	L	1	0	0
200912	5044	F	020912294	L	1	0	0
200912	5044	G	005232317	L	1	0	0
200912	5044	H	005381150	L	1	0	0
200912	5044	I	001294865	L	1	0	0
200912	5044	J	008554072	L	1	0	0
200912	5045	A	004430301	L	1	0	0
200912	5045	B	006397484	L	1	0	0
200912	5045	C	001483633	L	1	0	0
200912	5045	D	011227872	L	1	0	0
200912	5045	E	003475085	L	1	0	0
200912	5045	F	006956459	L	1	0	0
200912	5045	G	004944712	L	1	0	0
200912	5045	H	006258190	L	1	0	0
200912	5045	I	009253874	L	1	0	0
200912	5045	J	004400569	L	1	0	0
200912	5045	K	006954413	L	1	0	0
200912	5051	A	011291333	L	1	0	0
200912	5051	B	012090293	L	1	0	0
200912	5051	C	020531363	L	1	0	0
200912	5051	D	009178848	L	1	0	0
200912	5051	E	007899742	L	1	0	0
200912	5051	F	004484932	L	1	0	0
200912	5051	G	004375289	L	1	0	0
200912	5051	H	009599185	L	1	0	0
200912	5051	I	012090366	L	1	0	0
200912	5051	J	000752975	L	1	0	0
200912	5052	A	000758833	L	1	0	0
200912	5052	B	000759201	L	1	0	0
200912	5052	C	010010713	L	1	0	0
200912	5052	D	021343919	L	1	0	0
200912	5052	E	011561519	L	1	0	0
200912	5052	F	000756148	L	1	0	0
200912	5052	G	003463842	L	1	0	0
200912	5052	H	000756393	L	1	0	0
200912	5052	I	006012094	L	1	0	0
200912	5053	A	008492670	L	1	0	0
200912	5053	B	004923375	L	1	0	0
200912	5053	C	001791354	L	1	0	0
200912	5053	D	001303767	L	1	0	0
200912	5053	E	012091214	L	1	0	0
200912	5053	F	012028881	L	1	0	0
200912	5053	G	006949576	L	1	0	0
200912	5053	H	011038336	L	1	0	0
200912	5053	I	008356017	L	1	0	0
200912	5211	A	011946984	L	1	0	0
200912	5211	B	008279314	L	1	0	0
200912	5211	C	008743894	L	1	0	0
200912	5211	D	009659781	L	1	0	0
200912	5211	E	008344426	L	1	0	0
200912	5211	F	011943438	L	1	0	0
200912	5211	G	002640651	L	1	0	0
200912	5211	H	011880223	L	1	0	0
200912	5212	A	006376533	L	1	0	0
200912	5212	B	000613002	L	1	0	0
200912	5212	C	020188138	L	1	0	0
200912	5212	D	007554826	L	1	0	0
200912	5212	E	000614807	L	1	0	0
200912	5212	F	010938880	L	1	0	0
200912	5212	G	007396139	L	1	0	0
200912	5212	H	009877274	L	1	0	0
200912	5212	I	020348798	L	1	0	0
200912	5212	J	020688092	L	1	0	0
200912	5212	K	007446918	L	1	0	0
200912	5213	A	006003982	L	1	0	0
200912	5213	B	003327825	L	1	0	0
200912	5213	C	020689722	L	1	0	0
200912	5213	D	020202866	L	1	0	0
200912	5213	E	010858356	L	1	0	0
200912	5213	F	006379184	L	1	0	0
200912	5213	G	008744203	L	1	0	0
200912	5213	H	001781618	L	1	0	0
200912	5214	A	010044006	L	1	0	0
200912	5214	B	XXXXXXXXX	0	0	0	0
200912	5214	C	XXXXXXXXX	0	0	0	0
200912	5214	D	008799415	L	1	0	0
200912	5214	E	020823984	L	1	0	0
200912	5214	F	005082773	L	1	0	0
200912	5214	G	023940531	L	1	0	0
200912	5214	H	010161878	L	1	0	0
200912	5214	I	000619027	L	1	0	0
200912	5221	A	020341408	L	1	0	0
200912	5221	B	004659023	L	1	0	0
200912	5221	C	000624381	L	1	0	0
200912	5221	D	007505302	L	1	0	0
200912	5221	E	026745330	L	1	0	0
200912	5221	F	011733298	L	1	0	0
200912	5221	G	008535752	L	1	0	0
200912	5221	H	008409641	L	1	0	0
200912	5231	A	009806636	L	1	0	0
200912	5231	B	005254302	L	1	0	0
200912	5231	C	020043679	L	1	0	0
200912	5231	D	006556027	L	1	0	0
200912	5231	E	009020071	L	1	0	0
200912	5231	F	002375842	L	1	0	0
200912	5231	G	009574565	L	1	0	0
200912	5231	H	000631043	L	1	0	0
200912	5231	I	008939365	L	1	0	0
200912	5241	A	022183001	L	1	0	0
200912	5241	B	000632392	L	1	0	0
200912	5241	C	007722249	L	1	0	0
200912	5241	D	011271731	L	1	0	0
200912	5241	E	005445086	L	1	0	0
200912	5241	F	011167837	L	1	0	0
200912	5241	G	027125026	L	1	0	0
200912	5241	H	009161759	L	1	0	0
200912	5242	A	010372291	L	1	0	0
200912	5242	B	010381088	L	1	0	0
200912	5242	C	011739350	L	1	0	0
200912	5242	D	011142249	L	1	0	0
200912	5242	E	025876679	L	1	0	0
200912	5242	F	011142257	L	1	0	0
200912	5242	G	004830938	L	1	0	0
200912	5242	H	007728867	L	1	0	0
200912	5242	I	011800033	L	1	0	0
200912	5311	A	010797268	L	1	0	0
200912	5311	B	008280746	L	1	0	0
200912	5311	C	005867150	L	1	0	0
200912	5311	D	007808291	L	1	0	0
200912	5311	E	006039847	L	1	0	0
200912	5312	A	012117744	L	1	0	0
200912	5312	B	002740230	L	1	0	0
200912	5312	C	021419885	L	1	0	0
200912	5312	D	009808922	L	1	0	0
200912	5312	E	021032654	L	1	0	0
200912	5312	F	011278310	L	1	0	0
200912	5312	G	006482783	L	1	0	0
200912	5411	A	000470791	L	1	0	0
200912	5411	B	005915325	L	1	0	0
200912	5411	C	XXXXXXXXX	0	0	0	0
200912	5411	D	010048672	L	1	0	0
200912	5411	E	009226486	L	1	0	0
200912	5411	F	000472964	L	1	0	0
200912	5411	G	022195301	L	1	0	0
200912	5411	H	024699358	L	1	0	0
200912	5411	I	010726913	L	1	0	0
200912	5411	J	011731929	L	1	0	0
200912	5412	A	008701385	L	1	0	0
200912	5412	B	001375911	L	1	0	0
200912	5412	C	020827173	L	1	0	0
200912	5412	D	003847373	L	1	0	0
200912	5412	E	002023873	L	1	0	0
200912	5412	F	005607957	L	1	0	0
200912	5412	G	011266452	L	1	0	0
200912	5412	H	011462162	L	1	0	0
200912	5412	I	009094547	L	1	0	0
200912	5421	A	024689239	L	1	0	0
200912	5421	B	000480622	L	1	0	0
200912	5421	C	000478695	L	1	0	0
200912	5421	D	000477230	L	1	0	0
200912	5421	E	004377117	L	1	0	0
200912	5421	F	008857598	L	1	0	0
200912	5421	G	001785397	L	1	0	0
200912	5421	H	001977695	L	1	0	0
200912	5421	I	004777093	L	1	0	0
200912	5421	J	004192672	L	1	0	0
200912	5422	A	010864569	L	1	0	0
200912	5422	B	XXXXXXXXX	0	0	0	0
200912	5422	C	026746345	L	1	0	0
200912	5422	D	024267911	L	1	0	0
200912	5422	E	000481084	L	1	0	0
200912	5422	F	010444322	L	1	0	0
200912	5422	G	003974391	L	1	0	0
200912	5422	H	008343624	L	1	0	0
200912	5511	A	007058772	L	1	0	0
200912	5511	B	000641502	L	1	0	0
200912	5511	C	010492777	L	1	0	0
200912	5511	D	009299203	L	1	0	0
200912	5511	E	020824999	L	1	0	0
200912	5511	F	024275086	L	1	0	0
200912	5511	G	023919478	L	1	0	0
200912	5511	H	002984016	L	1	0	0
200912	5511	I	009299033	L	1	0	0
200912	5511	J	007390718	L	1	0	0
200912	5511	K	007232128	L	1	0	0
200912	5512	A	023280434	L	1	0	0
200912	5512	B	012161751	L	1	0	0
200912	5512	C	007589379	L	1	0	0
200912	5512	D	011458084	L	1	0	0
200912	5512	E	009495509	L	1	0	0
200912	5512	F	006556590	L	1	0	0
200912	5512	G	020585056	L	1	0	0
200912	5512	H	010100836	L	1	0	0
200912	5512	I	011270670	L	1	0	0
200912	5512	J	010731755	L	1	0	0
200912	5513	A	XXXXXXXXX	0	0	0	0
200912	6021	A	007260326	L	1	0	0
200912	6021	B	007310005	L	1	0	0
200912	6021	C	XXXXXXXXX	0	0	0	0
200912	6021	D	000873640	L	1	0	0
200912	6021	E	007363397	L	1	0	0
200912	6021	F	009983295	L	1	0	0
200912	6021	G	008620075	L	1	0	0
200912	6021	H	000878545	L	1	0	0
200912	6021	I	006508413	L	1	0	0
200912	6021	J	003347710	L	1	0	0
200912	6022	A	011175686	L	1	0	0
200912	6022	B	XXXXXXXXX	0	0	0	0
200912	6022	C	023755270	L	1	0	0
200912	6022	D	004128966	L	1	0	0
200912	6022	E	011169716	L	1	0	0
200912	6022	F	009766162	L	1	0	0
200912	6022	G	020539437	L	1	0	0
200912	6022	H	008443351	L	1	0	0
200912	6022	I	022033662	L	1	0	0
200912	6031	A	000886017	L	1	0	0
200912	6031	B	001199188	L	1	0	0
200912	6031	C	010467802	L	1	0	0
200912	6031	D	021329509	L	1	0	0
200912	6031	E	009193316	L	1	0	0
200912	6031	F	005550548	L	1	0	0
200912	6031	G	000903558	L	1	0	0
200912	6031	H	009059547	L	1	0	0
200912	6031	I	004071115	L	1	0	0
200912	6031	J	006696481	L	1	0	0
200912	6032	A	003824810	L	1	0	0
200912	6032	B	009531254	L	1	0	0
200912	6032	C	000902349	L	1	0	0
200912	6032	D	005463424	L	1	0	0
200912	6032	E	020936916	L	1	0	0
200912	6032	F	004634020	L	1	0	0
200912	6032	G	000899747	L	1	0	0
200912	6032	H	006764037	L	1	0	0
200912	6032	I	000907731	L	1	0	0
200912	6032	J	027337864	L	1	0	0
200912	6033	A	025429052	L	1	0	0
200912	6033	B	008372357	L	1	0	0
200912	6033	C	022759744	L	1	0	0
200912	6033	D	000908746	L	1	0	0
200912	6033	E	011576427	L	1	0	0
200912	6033	F	021821209	L	1	0	0
200912	6033	G	007475039	L	1	0	0
200912	6033	H	009451196	L	1	0	0
200912	6033	I	005943078	L	1	0	0
200912	6035	A	011976263	L	1	0	0
200912	6035	B	008949751	L	1	0	0
200912	6035	C	011235735	L	1	0	0
200912	6035	D	008892512	L	1	0	0
200912	6035	E	001446797	L	1	0	0
200912	6035	F	000884561	L	1	0	0
200912	6035	G	004840186	L	1	0	0
200912	6035	H	000880930	L	1	0	0
200912	6035	I	023784688	L	1	0	0
200912	6036	A	011310281	L	1	0	0
200912	6036	B	XXXXXXXXX	0	0	0	0
200912	6036	C	005121353	L	1	0	0
200912	6036	D	009128603	L	1	0	0
200912	6036	E	010088259	L	1	0	0
200912	6036	F	005551072	L	1	0	0
200912	6036	G	011169554	L	1	0	0
200912	6038	A	000911054	L	1	0	0
200912	6038	B	012096348	L	1	0	0
200912	6038	C	010088127	L	1	0	0
200912	6038	D	011970613	L	1	0	0
200912	6038	E	001800132	L	1	0	0
200912	6038	F	011645364	L	1	0	0
200912	6038	G	008241082	L	1	0	0
200912	6061	A	023134810	L	1	0	0
200912	6061	B	005741203	L	1	0	0
200912	6061	C	010319897	L	1	0	0
200912	6061	D	003257657	L	1	0	0
200912	6061	E	008353026	L	1	0	0
200912	6061	F	001058894	L	1	0	0
200912	6061	G	010472555	L	1	0	0
200912	6061	H	XXXXXXXXX	0	0	0	0
200912	6062	A	011414656	L	1	0	0
200912	6062	B	011743161	L	1	0	0
200912	6062	C	012216866	L	1	0	0
200912	6062	D	009173188	L	1	0	0
200912	6062	E	007559976	L	1	0	0
200912	6062	F	022059785	L	1	0	0
200912	6062	G	006387853	L	1	0	0
200912	6062	H	008485321	L	1	0	0
200912	6063	A	001060317	L	1	0	0
200912	6063	B	011215815	L	1	0	0
200912	6063	C	011214401	L	1	0	0
200912	6063	D	004847210	L	1	0	0
200912	6063	E	022033840	L	1	0	0
200912	6063	F	007426100	L	1	0	0
200912	6063	G	010176263	L	1	0	0
200912	6063	H	010253446	L	1	0	0
200912	6071	A	010064651	L	1	0	0
200912	6071	B	006681832	L	1	0	0
200912	6071	C	004799399	L	1	0	0
200912	6071	D	003944581	L	1	0	0
200912	6071	E	005747074	L	1	0	0
200912	6071	F	006446957	L	1	0	0
200912	6071	G	006050972	L	1	0	0
200912	6071	H	000864250	L	1	0	0
200912	6071	I	010690285	L	1	0	0
200912	6071	J	011488986	L	1	0	0
200912	6072	A	010017653	L	1	0	0
200912	6072	B	000871753	L	1	0	0
200912	6072	C	000870838	L	1	0	0
200912	6072	D	010192927	L	1	0	0
200912	6072	E	007249950	L	1	0	0
200912	6072	F	008763488	L	1	0	0
200912	6072	G	000873004	L	1	0	0
200912	6072	H	011912095	L	1	0	0
200912	6081	A	XXXXXXXXX	0	0	0	0
200912	6081	B	000849464	L	1	0	0
200912	6081	C	005411424	L	1	0	0
200912	6081	D	020412445	L	1	0	0
200912	6081	E	003339971	L	1	0	0
200912	6081	F	010064333	L	1	0	0
200912	6081	G	XXXXXXXXX	0	0	0	0
200912	6081	H	002699281	L	1	0	0
200912	6081	I	007822251	L	1	0	0
200912	6081	J	006500722	L	1	0	0
200912	6111	A	004429389	L	1	0	0
200912	6111	B	000238236	L	1	0	0
200912	6111	C	006926959	L	1	0	0
200912	6111	D	004973100	L	1	0	0
200912	6111	E	000236969	L	1	0	0
200912	6111	F	000236667	L	1	0	0
200912	6111	G	000235598	L	1	0	0
200912	6111	H	004429028	L	1	0	0
200912	6112	A	004527445	L	1	0	0
200912	6112	B	008996466	L	1	0	0
200912	6112	C	010142636	L	1	0	0
200912	6112	D	000233439	L	1	0	0
200912	6112	E	008778868	L	1	0	0
200912	6211	A	007160100	L	1	0	0
200912	6211	B	002540487	L	1	0	0
200912	6211	C	012109563	L	1	0	0
200912	6211	D	012890184	L	1	0	0
200912	6211	E	004067258	L	1	0	0
200912	6211	F	008523533	L	1	0	0
200912	6211	G	005030455	L	1	0	0
200912	6212	A	022884328	L	1	0	0
200912	6212	B	008066736	L	1	0	0
200912	6212	C	012110529	L	1	0	0
200912	6212	D	004527666	L	1	0	0
200912	6212	E	006420222	L	1	0	0
200912	6311	A	020807970	L	1	0	0
200912	6311	B	001472259	L	1	0	0
200912	6311	C	000646040	L	1	0	0
200912	6311	D	011987885	L	1	0	0
200912	6311	E	011446604	L	1	0	0
200912	6311	F	005435404	L	1	0	0
200912	6312	A	007863802	L	1	0	0
200912	6312	B	005562430	L	1	0	0
200912	6312	C	007659199	L	1	0	0
200912	6312	C	008128987	L	0	0	0
200912	6312	D	008016062	L	1	0	0
200912	6312	E	010298520	L	0	0	0
200912	6312	E	XXXXXXXXX	0	0	0	0
200912	6312	F	008063451	L	1	0	0
200912	6312	G	010224055	L	1	0	0
200912	6313	A	009793240	L	1	0	0
200912	6313	B	008257736	L	1	0	0
200912	6313	C	007708629	L	1	0	0
200912	6313	D	012887299	L	1	0	0
200912	6313	E	000655015	L	1	0	0
200912	6313	F	010034019	L	1	0	0
200912	6314	A	011123864	L	1	0	0
200912	6314	B	005601924	L	1	0	0
200912	6314	C	002685973	L	1	0	0
200912	6314	D	009945024	L	1	0	0
200912	6314	E	008847096	L	1	0	0
200912	6315	A	000653942	L	0	0	0
200912	6315	A	025437527	L	1	0	0
200912	6315	B	009082646	L	0	0	0
200912	6315	B	026914175	L	1	0	0
200912	6315	C	020557451	L	1	0	0
200912	6315	D	006565670	L	0	0	0
200912	6315	D	011121489	L	0	0	0
200912	6315	D	XXXXXXXXX	0	0	0	0
200912	6315	E	005028876	L	1	0	0
200912	6315	E	009479856	L	0	0	0
200912	6316	A	005764130	L	1	0	0
200912	6316	B	002070545	L	1	0	0
200912	6316	C	021904384	L	1	0	0
200912	6316	D	002500876	L	1	0	0
200912	6411	A	011008224	L	1	0	0
200912	6411	B	003247864	L	1	0	0
200912	6411	C	024628736	L	1	0	0
200912	6411	D	000666270	L	1	0	0
200912	6411	E	023806843	L	1	0	0
200912	6411	F	021874302	L	1	0	0
200912	6411	G	003588408	L	1	0	0
200912	6411	H	009282602	L	1	0	0
200912	6412	A	009348980	L	1	0	0
200912	6412	B	010424097	L	1	0	0
200912	6412	C	020659017	L	1	0	0
200912	6412	D	011122469	L	1	0	0
200912	6412	E	007944578	L	1	0	0
200912	6412	F	005062462	L	1	0	0
200912	6412	G	002172607	L	1	0	0
200912	6413	A	005563615	L	1	0	0
200912	6413	B	006866646	L	1	0	0
200912	6413	C	008525013	L	1	0	0
200912	6413	D	006232914	L	1	0	0
200912	6413	E	011254977	L	1	0	0
200912	6413	F	000657883	L	1	0	0
200912	6413	G	007492529	L	1	0	0
200912	6413	H	002413043	L	1	0	0
200912	6414	A	027019692	L	1	0	0
200912	6414	B	009989404	L	1	0	0
200912	6414	C	008399255	L	1	0	0
200912	6414	D	009942629	L	1	0	0
200912	6414	E	010599644	L	1	0	0
200912	6414	F	005763045	L	1	0	0
200912	6414	G	006111386	L	1	0	0
200912	6414	H	010147611	L	1	0	0
200912	6511	A	008525536	L	1	0	0
200912	6511	B	011123562	L	1	0	0
200912	6511	C	009914455	L	1	0	0
200912	6511	D	005434955	L	1	0	0
200912	6511	E	011925332	L	1	0	0
200912	6511	F	000694851	L	1	0	0
200912	6511	G	010426294	L	1	0	0
200912	6511	H	011857744	L	1	0	0
200912	6511	I	021609684	L	1	0	0
200912	6511	J	000681660	L	1	0	0
200912	6512	A	005210380	L	1	0	0
200912	6512	B	009083618	L	1	0	0
200912	6512	C	010603471	L	1	0	0
200912	6512	D	008844984	L	1	0	0
200912	6512	E	010851238	L	1	0	0
200912	6512	F	008845042	L	1	0	0
200912	6512	G	007330154	L	1	0	0
200912	6512	H	007383053	L	1	0	0
200912	6513	A	021401803	L	1	0	0
200912	6513	B	021203025	L	1	0	0
200912	6513	C	005858275	L	1	0	0
200912	6513	D	005170966	L	1	0	0
200912	6513	E	021880353	L	1	0	0
200912	6513	F	022506404	L	1	0	0
200912	6513	G	004194128	L	1	0	0
200912	6513	H	009945474	L	1	0	0
200912	6513	I	011451462	L	1	0	0
200912	6513	J	005084830	L	1	0	0
200912	6514	A	008641218	L	1	0	0
200912	6514	B	008576688	L	1	0	0
200912	6514	C	008640114	L	1	0	0
200912	6514	D	005478790	L	1	0	0
200912	6514	E	010786142	L	1	0	0
200912	6514	F	000679542	L	1	0	0
200912	6514	G	006604021	L	1	0	0
200912	6611	A	010713277	L	1	0	0
200912	6611	B	010082722	L	1	0	0
200912	6611	C	001631330	L	1	0	0
200912	6611	D	020805404	L	1	0	0
200912	6611	E	010656338	L	1	0	0
200912	7011	A	001087517	L	1	0	0
200912	7011	B	002435845	L	1	0	0
200912	7011	C	005983002	L	1	0	0
200912	7011	D	008722870	L	1	0	0
200912	7011	E	001088165	L	1	0	0
200912	7011	F	001086421	L	1	0	0
200912	7011	G	011512216	L	1	0	0
200912	7011	H	010343739	L	1	0	0
200912	7012	A	001089692	L	1	0	0
200912	7012	B	011760139	L	1	0	0
200912	7012	C	002435357	L	1	0	0
200912	7012	D	001094777	L	1	0	0
200912	7012	E	001096869	L	1	0	0
200912	7012	F	009772693	L	1	0	0
200912	7012	G	001099809	L	1	0	0
200912	7013	A	001104462	L	1	0	0
200912	7013	B	002947234	L	1	0	0
200912	7013	C	003474143	L	1	0	0
200912	7013	D	006598609	L	1	0	0
200912	7013	E	010127181	L	1	0	0
200912	7013	F	001104063	L	1	0	0
200912	7013	G	009619933	L	1	0	0
200912	7013	H	001161407	L	1	0	0
200912	7013	I	020426314	L	1	0	0
200912	7015	A	005040469	L	1	0	0
200912	7015	B	023430444	L	1	0	0
200912	7015	C	001083902	L	1	0	0
200912	7015	D	001100920	L	1	0	0
200912	7015	E	001093290	L	1	0	0
200912	7015	F	009625151	L	1	0	0
200912	7031	A	006627846	L	1	0	0
200912	7031	B	001136003	L	1	0	0
200912	7031	C	001975897	L	1	0	0
200912	7031	D	005506735	L	1	0	0
200912	7031	E	005308291	L	1	0	0
200912	7031	F	001532634	L	1	0	0
200912	7031	G	007482035	L	1	0	0
200912	7031	H	001137735	L	1	0	0
200912	7031	I	012033311	L	1	0	0
200912	7031	J	001139193	L	1	0	0
200912	7032	A	001144367	L	1	0	0
200912	7032	B	008903085	L	1	0	0
200912	7032	C	004553977	L	1	0	0
200912	7032	D	005189675	L	1	0	0
200912	7032	E	009985875	L	1	0	0
200912	7032	F	001149601	L	1	0	0
200912	7032	G	011177603	L	1	0	0
200912	7032	H	004349644	L	1	0	0
200912	7032	I	008721033	L	1	0	0
200912	7032	J	009702601	L	1	0	0
200912	7033	A	004131797	L	1	0	0
200912	7033	B	010961564	L	1	0	0
200912	7033	C	009623981	L	1	0	0
200912	7033	D	007369131	L	1	0	0
200912	7033	E	011434088	L	1	0	0
200912	7033	F	011306071	L	1	0	0
200912	7033	G	010094585	L	1	0	0
200912	7033	H	001153269	L	1	0	0
200912	7033	I	001153323	L	1	0	0
200912	7033	J	009619712	L	1	0	0
200912	7034	A	010588987	L	1	0	0
200912	7034	B	002389371	L	1	0	0
200912	7034	C	006703488	L	1	0	0
200912	7034	D	008247412	L	1	0	0
200912	7034	E	008374910	L	1	0	0
200912	7034	F	011382150	L	1	0	0
200912	7034	G	001156012	L	1	0	0
200912	7034	H	001156543	L	1	0	0
200912	7034	I	007030452	L	1	0	0
200912	7034	J	008375054	L	1	0	0
200912	7041	A	001163507	L	1	0	0
200912	7041	B	001164090	L	1	0	0
200912	7041	C	001168908	L	1	0	0
200912	7041	D	001169696	L	1	0	0
200912	7041	E	001170155	L	1	0	0
200912	7041	F	010123682	L	1	0	0
200912	7041	G	021340049	L	1	0	0
200912	7041	H	011758150	L	1	0	0
200912	7041	I	020095180	L	1	0	0
200912	7041	J	002760444	L	1	0	0
200912	7042	A	001172255	L	1	0	0
200912	7042	B	005384672	L	1	0	0
200912	7042	C	001172948	L	1	0	0
200912	7042	D	010209412	L	1	0	0
200912	7042	E	009621954	L	1	0	0
200912	7042	F	007143796	L	1	0	0
200912	7042	G	007480490	L	1	0	0
200912	7042	H	002476495	L	1	0	0
200912	7042	I	001177389	L	1	0	0
200912	7042	J	001176668	L	1	0	0
200912	7043	A	010472059	L	1	0	0
200912	7043	B	022433393	L	1	0	0
200912	7043	C	005848377	L	1	0	0
200912	7043	D	010689112	L	1	0	0
200912	7043	E	012199279	L	1	0	0
200912	7043	F	006541577	L	1	0	0
200912	7043	G	001174495	L	1	0	0
200912	7043	H	010345111	L	1	0	0
200912	7043	I	001186841	L	1	0	0
200912	7043	J	022775561	L	1	0	0
200912	7044	A	004675991	L	1	0	0
200912	7044	B	005592429	L	1	0	0
200912	7044	C	003394085	L	1	0	0
200912	7044	D	007370202	L	1	0	0
200912	7044	E	011434665	L	1	0	0
200912	7044	F	024899977	L	1	0	0
200912	7044	G	003030059	L	1	0	0
200912	7044	H	009543910	L	1	0	0
200912	7044	I	024044149	L	1	0	0
200912	7044	J	007926405	L	1	0	0
200912	7045	A	004488717	L	1	0	0
200912	7045	B	002264234	L	1	0	0
200912	7045	C	008821968	L	1	0	0
200912	7045	D	002051265	L	1	0	0
200912	7045	E	005135702	L	1	0	0
200912	7045	F	002104008	L	1	0	0
200912	7045	G	007776861	L	1	0	0
200912	7045	H	008009597	L	1	0	0
200912	7045	I	020433094	L	1	0	0
200912	7051	A	006511465	L	1	0	0
200912	7051	B	011307248	L	1	0	0
200912	7051	C	001158503	L	1	0	0
200912	7051	D	001582658	L	1	0	0
200912	7051	E	001159070	L	1	0	0
200912	7051	F	004323025	L	1	0	0
200912	7051	G	009066616	L	1	0	0
200912	7051	H	020761539	L	1	0	0
200912	7111	A	011408206	L	1	0	0
200912	7111	B	000412651	L	1	0	0
200912	7111	C	020355395	L	1	0	0
200912	7111	D	005329515	L	1	0	0
200912	7111	E	005059062	L	1	0	0
200912	7111	F	010615666	L	1	0	0
200912	7111	G	010798698	L	1	0	0
200912	7112	A	010979048	L	1	0	0
200912	7112	B	002081520	L	1	0	0
200912	7112	C	000420204	L	1	0	0
200912	7112	D	000421774	L	1	0	0
200912	7112	E	003645185	L	1	0	0
200912	7112	F	000422312	L	1	0	0
200912	7112	G	005570824	L	1	0	0
200912	7211	A	007650965	L	1	0	0
200912	7211	B	006940501	L	1	0	0
200912	7211	C	000424838	L	1	0	0
200912	7211	D	020697342	L	1	0	0
200912	7211	E	XXXXXXXXX	0	0	0	0
200912	7211	F	XXXXXXXXX	0	0	0	0
200912	7211	G	008149399	L	1	0	0
200912	7211	H	000636711	L	1	0	0
200912	7211	I	004930177	L	1	0	0
200912	7212	A	002259109	L	1	0	0
200912	7212	B	009580786	L	1	0	0
200912	7212	C	020350415	L	1	0	0
200912	7212	D	008283745	L	1	0	0
200912	7212	E	010241154	L	1	0	0
200912	7212	F	010799686	L	1	0	0
200912	7212	G	000437964	L	1	0	0
200912	7212	H	008415404	L	1	0	0
200912	7221	A	010556376	L	1	0	0
200912	7221	B	011738036	L	1	0	0
200912	7221	C	011348122	L	1	0	0
200912	7221	D	000442062	L	1	0	0
200912	7221	E	000444162	L	1	0	0
200912	7221	F	007888058	L	1	0	0
200912	7221	G	004707559	L	1	0	0
200912	7221	H	000444502	L	1	0	0
200912	7221	I	005689619	L	1	0	0
200912	7221	J	008943060	L	1	0	0
200912	7221	K	006558577	L	1	0	0
200912	7221	L	000447390	L	1	0	0
200912	7231	A	000449253	L	1	0	0
200912	7231	B	010666937	L	1	0	0
200912	7231	C	002021315	L	1	0	0
200912	7231	D	000454869	L	1	0	0
200912	7231	E	000454451	L	1	0	0
200912	7231	F	000450545	L	1	0	0
200912	7231	G	000451126	L	1	0	0
200912	7231	H	008745773	L	1	0	0
200912	7231	I	009581677	L	1	0	0
200912	7232	A	011346146	L	1	0	0
200912	7232	B	011611486	L	1	0	0
200912	7232	C	009426655	L	1	0	0
200912	7232	D	007885881	L	1	0	0
200912	7232	E	007453175	L	1	0	0
200912	7232	F	001748920	L	1	0	0
200912	7232	G	010241979	L	1	0	0
200912	7232	H	008482632	L	1	0	0
200912	7232	I	010003105	L	1	0	0
200912	7233	A	004205413	L	1	0	0
200912	7233	B	010498945	L	1	0	0
200912	7233	C	003291677	L	1	0	0
200912	7233	D	003542688	L	1	0	0
200912	7233	E	010241960	L	1	0	0
200912	7233	F	005034752	L	1	0	0
200912	7233	G	003453405	L	1	0	0
200912	7233	H	005034531	L	1	0	0
200912	7241	A	000470600	L	1	0	0
200912	7241	B	000466441	L	1	0	0
200912	7241	C	000466557	L	1	0	0
200912	7241	D	024726134	L	1	0	0
200912	7241	E	009958738	L	1	0	0
200912	7241	F	XXXXXXXXX	0	0	0	0
200912	7241	G	007556705	L	1	0	0
200912	7241	H	000470023	L	1	0	0
200912	7241	I	002551764	L	1	0	0
200912	7311	A	007556136	L	1	0	0
200912	7311	B	012226268	L	1	0	0
200912	7311	C	006383009	L	1	0	0
200912	7311	D	007396813	L	1	0	0
200912	7311	E	003537137	L	1	0	0
200912	7311	F	000569771	L	1	0	0
200912	7311	G	000571253	L	1	0	0
200912	7311	H	000570710	L	1	0	0
200912	7311	I	000571954	L	1	0	0
200912	7312	A	005691982	L	1	0	0
200912	7312	B	000575836	L	1	0	0
200912	7312	C	000575577	L	1	0	0
200912	7312	D	010668573	L	1	0	0
200912	7312	E	000574902	L	1	0	0
200912	7312	F	006560717	L	1	0	0
200912	7312	G	010620031	L	1	0	0
200912	7312	H	002292750	L	1	0	0
200912	7411	A	000576743	L	1	0	0
200912	7411	B	008084114	L	1	0	0
200912	7411	C	009880976	L	1	0	0
200912	7411	D	004915267	L	1	0	0
200912	7411	E	000576859	L	1	0	0
200912	7411	F	005612152	L	1	0	0
200912	7411	G	005692393	L	1	0	0
200912	7412	A	011949134	L	1	0	0
200912	7412	B	006560032	L	1	0	0
200912	7412	C	009881689	L	1	0	0
200912	7412	D	004823966	L	1	0	0
200912	7412	E	000591386	L	1	0	0
200912	7412	F	012074190	L	1	0	0
200912	7412	G	011677169	L	1	0	0
200912	7412	H	020700335	L	1	0	0
200912	7412	I	021933783	L	1	0	0
200912	7413	A	001380532	L	1	0	0
200912	7413	B	000595098	L	1	0	0
200912	7413	C	006332846	L	1	0	0
200912	7413	D	010004373	L	1	0	0
200912	7413	E	008746567	L	1	0	0
200912	7413	F	020350571	L	1	0	0
200912	7413	G	007290632	L	1	0	0
200912	7413	H	009664793	L	1	0	0
200912	7414	A	001329820	L	1	0	0
200912	7414	B	009023070	L	1	0	0
200912	7414	C	011808557	L	1	0	0
200912	7414	D	009815341	L	1	0	0
200912	7414	E	004152425	L	1	0	0
200912	7414	F	XXXXXXXXX	0	0	0	0
200912	7416	A	022226592	L	1	0	0
200912	7416	B	008747199	L	1	0	0
200912	7416	C	006528317	L	1	0	0
200912	7416	D	011208029	L	1	0	0
200912	7416	E	005919215	L	1	0	0
200912	7416	F	020204729	L	1	0	0
200912	7511	A	003253678	L	1	0	0
200912	7511	B	000584460	L	1	0	0
200912	7511	C	023326752	L	1	0	0
200912	7511	D	XXXXXXXXX	0	0	0	0
200912	7511	E	009815228	L	1	0	0
200912	7511	F	011025137	L	1	0	0
200912	7511	G	008656053	L	1	0	0
200912	7611	A	008084211	L	1	0	0
200912	7611	B	009880895	L	1	0	0
200912	7611	C	008084491	L	1	0	0
200912	7611	D	007813236	L	1	0	0
200912	7611	E	004712994	L	1	0	0
200912	8011	A	009119531	L	1	0	0
200912	8011	B	025520467	L	1	0	0
200912	8011	C	011636969	L	1	0	0
200912	8011	D	000919233	L	1	0	0
200912	8011	E	006452507	L	1	0	0
200912	8011	F	011583237	L	1	0	0
200912	8011	G	005236045	L	1	0	0
200912	8011	H	004641205	L	1	0	0
200912	8011	I	003017273	L	1	0	0
200912	8012	A	000963712	L	1	0	0
200912	8012	B	008371288	L	1	0	0
200912	8012	C	011374379	L	1	0	0
200912	8012	D	001928007	L	1	0	0
200912	8012	E	000964719	L	1	0	0
200912	8012	F	009532323	L	1	0	0
200912	8012	G	004089065	L	1	0	0
200912	8012	H	000929549	L	1	0	0
200912	8012	I	000928151	L	1	0	0
200912	8012	J	004537661	L	1	0	0
200912	8013	A	001850881	L	1	0	0
200912	8013	B	004391799	L	1	0	0
200912	8013	C	005189160	L	1	0	0
200912	8013	D	009130640	L	1	0	0
200912	8013	E	022784668	L	1	0	0
200912	8013	F	003260682	L	1	0	0
200912	8013	G	004632052	L	1	0	0
200912	8013	H	003348180	L	1	0	0
200912	8013	I	003868362	L	1	0	0
200912	8013	J	008970610	L	1	0	0
200912	8014	A	007998791	L	1	0	0
200912	8014	B	005341159	L	1	0	0
200912	8014	C	003385590	L	1	0	0
200912	8014	D	009533001	L	1	0	0
200912	8014	E	008310254	L	1	0	0
200912	8014	F	010199905	L	1	0	0
200912	8014	G	002150905	L	1	0	0
200912	8014	H	004846443	L	1	0	0
200912	8015	A	002103923	L	1	0	0
200912	8015	B	000932345	L	1	0	0
200912	8015	C	007199104	L	1	0	0
200912	8015	D	009262776	L	1	0	0
200912	8015	E	026940974	L	1	0	0
200912	8015	F	005585821	L	1	0	0
200912	8015	G	007084145	L	1	0	0
200912	8015	H	000934739	L	1	0	0
200912	8015	I	012138415	L	1	0	0
200912	8015	J	009052887	L	1	0	0
200912	8016	A	008371989	L	1	0	0
200912	8016	B	000940100	L	1	0	0
200912	8016	C	021815675	L	1	0	0
200912	8016	D	007259646	L	1	0	0
200912	8016	E	011314058	L	1	0	0
200912	8016	F	009455655	L	1	0	0
200912	8016	G	007622236	L	1	0	0
200912	8016	H	021547042	L	1	0	0
200912	8016	I	001182366	L	1	0	0
200912	8017	A	010889634	L	1	0	0
200912	8017	B	006143814	L	1	0	0
200912	8017	C	007198833	L	1	0	0
200912	8017	D	001840738	L	1	0	0
200912	8017	E	009903631	L	1	0	0
200912	8017	F	009531939	L	1	0	0
200912	8017	G	000953423	L	1	0	0
200912	8017	H	020556579	L	1	0	0
200912	8017	I	003385450	L	1	0	0
200912	8018	A	001647970	L	1	0	0
200912	8018	B	011060706	L	1	0	0
200912	8018	C	005979943	L	1	0	0
200912	8018	D	003949826	L	1	0	0
200912	8018	E	011104940	L	1	0	0
200912	8018	F	006182763	L	1	0	0
200912	8018	G	002104288	L	1	0	0
200912	8018	H	008818320	L	1	0	0
200912	8018	I	010335272	L	1	0	0
200912	8018	J	008443750	L	1	0	0
200912	8019	A	000917192	L	1	0	0
200912	8019	B	006055826	L	1	0	0
200912	8019	C	008108366	L	1	0	0
200912	8019	D	002207516	L	1	0	0
200912	8019	E	003011801	L	1	0	0
200912	8019	F	011505104	L	1	0	0
200912	8019	G	007257694	L	1	0	0
200912	8019	H	020291044	L	1	0	0
200912	8019	I	001480782	L	1	0	0
200912	8019	J	003705692	L	1	0	0
200912	8020	A	000959480	L	1	0	0
200912	8020	B	002700654	L	1	0	0
200912	8020	C	003658481	L	1	0	0
200912	8020	D	008791813	L	1	0	0
200912	8020	E	006915612	L	1	0	0
200912	8020	F	004488598	L	1	0	0
200912	8020	G	000957801	L	1	0	0
200912	8020	H	005071666	L	1	0	0
200912	8021	A	003737330	L	1	0	0
200912	8021	B	020291826	L	1	0	0
200912	8021	C	003129128	L	1	0	0
200912	8021	D	004472136	L	1	0	0
200912	8021	E	004753763	L	1	0	0
200912	8021	F	011372538	L	1	0	0
200912	8021	G	000966312	L	1	0	0
200912	8021	H	000966002	L	1	0	0
200912	8021	I	002610914	L	1	0	0
200912	8021	J	008974535	L	1	0	0
200912	8022	A	012138741	L	1	0	0
200912	8022	B	000970042	L	1	0	0
200912	8022	C	004586263	L	1	0	0
200912	8022	D	011639534	L	1	0	0
200912	8022	E	000971936	L	1	0	0
200912	8022	F	010404223	L	1	0	0
200912	8022	G	006625754	L	1	0	0
200912	8022	H	000973300	L	1	0	0
200912	8022	I	010470943	L	1	0	0
200912	8022	J	008232571	L	1	0	0
200912	8111	A	000491225	L	1	0	0
200912	8111	B	000527858	L	1	0	0
200912	8111	C	007344902	L	1	0	0
200912	8111	D	004749642	L	1	0	0
200912	8111	E	000514381	L	1	0	0
200912	8111	F	020041706	L	1	0	0
200912	8111	G	000509612	L	1	0	0
200912	8111	H	025957938	L	1	0	0
200912	8112	A	006742920	L	1	0	0
200912	8112	B	009505873	L	1	0	0
200912	8112	C	002895862	L	1	0	0
200912	8112	D	002895498	L	1	0	0
200912	8112	E	000495387	L	1	0	0
200912	8112	F	000502499	L	1	0	0
200912	8112	G	008351554	L	1	0	0
200912	8113	A	000496553	L	1	0	0
200912	8113	B	010318181	L	1	0	0
200912	8113	C	000496065	L	1	0	0
200912	8113	D	008351600	L	1	0	0
200912	8113	E	011812848	L	1	0	0
200912	8113	F	020722142	L	1	0	0
200912	8113	G	XXXXXXXXX	0	0	0	0
200912	8113	H	020389133	L	1	0	0
200912	8113	I	006741843	L	1	0	0
200912	8114	A	008154503	L	1	0	0
200912	8114	B	008219699	L	1	0	0
200912	8114	C	003595676	L	1	0	0
200912	8114	D	008599688	L	1	0	0
200912	8114	E	009310088	L	1	0	0
200912	8114	F	004788729	L	1	0	0
200912	8114	G	003666859	L	1	0	0
200912	8114	H	006669328	L	1	0	0
200912	8115	A	004055551	L	1	0	0
200912	8115	B	002596512	L	1	0	0
200912	8115	C	000507822	L	1	0	0
200912	8115	D	008749310	L	1	0	0
200912	8115	E	010446511	L	1	0	0
200912	8115	F	004478207	L	1	0	0
200912	8115	G	010618533	L	1	0	0
200912	8116	A	005367344	L	1	0	0
200912	8116	B	008874301	L	1	0	0
200912	8116	C	005921066	L	1	0	0
200912	8116	D	004429907	L	1	0	0
200912	8116	E	000524786	L	1	0	0
200912	8116	F	021276502	L	1	0	0
200912	8116	G	007241984	L	1	0	0
200912	8116	H	008490821	L	1	0	0
200912	8117	A	005872871	L	1	0	0
200912	8117	B	011742505	L	1	0	0
200912	8117	C	000520500	L	1	0	0
200912	8117	D	011212999	L	1	0	0
200912	8117	E	000519294	L	1	0	0
200912	8117	F	002130580	L	1	0	0
200912	8117	G	002175703	L	1	0	0
200912	8117	H	008948925	L	1	0	0
200912	8118	A	000533823	L	1	0	0
200912	8118	B	005694841	L	1	0	0
200912	8118	C	008707308	L	1	0	0
200912	8118	D	003055639	L	1	0	0
200912	8118	E	010875900	L	1	0	0
200912	8118	F	009962417	L	1	0	0
200912	8118	G	001384465	L	1	0	0
200912	8119	A	001328190	L	1	0	0
200912	8119	B	011886507	L	1	0	0
200912	8119	C	005924901	L	1	0	0
200912	8119	D	009963448	L	1	0	0
200912	8119	E	004203461	L	1	0	0
200912	8119	F	006743692	L	1	0	0
200912	8119	G	010982227	L	1	0	0
200912	8119	H	005653266	L	1	0	0
200912	8121	A	001872605	L	1	0	0
200912	8121	B	004974158	L	1	0	0
200912	8121	C	008285985	L	1	0	0
200912	8121	D	010169240	L	1	0	0
200912	8121	E	004078241	L	1	0	0
200912	8121	F	000540404	L	1	0	0
200912	8121	G	006892124	L	1	0	0
200912	8121	H	000510807	L	1	0	0
200912	8122	A	023343169	L	1	0	0
200912	8122	B	008420106	L	1	0	0
200912	8122	C	004428641	L	1	0	0
200912	8122	D	006044123	L	1	0	0
200912	8122	E	020601426	L	1	0	0
200912	8122	F	010445213	L	1	0	0
200912	8122	G	000544353	L	1	0	0
200912	8122	H	000544582	L	1	0	0
200912	8122	I	011027032	L	1	0	0
200912	8123	A	012122136	L	1	0	0
200912	8123	B	008350892	L	1	0	0
200912	8123	C	011947883	L	1	0	0
200912	8123	D	005834317	L	1	0	0
200912	8123	E	003337332	L	1	0	0
200912	8123	F	008153450	L	1	0	0
200912	8123	G	000494070	L	1	0	0
200912	8124	A	007736878	L	1	0	0
200912	8124	B	010616662	L	1	0	0
200912	8124	C	010617812	L	1	0	0
200912	8124	D	009750738	L	1	0	0
200912	8124	E	000536091	L	1	0	0
200912	8124	F	010616875	L	1	0	0
200912	8124	G	007346247	L	1	0	0
200912	8124	H	002022222	L	1	0	0
200912	8125	A	000516198	L	1	0	0
200912	8125	B	008601275	L	1	0	0
200912	8125	C	008749302	L	1	0	0
200912	8125	D	010740118	L	1	0	0
200912	8125	E	001754432	L	1	0	0
200912	8125	F	000521213	L	1	0	0
200912	8125	G	011351719	L	1	0	0
200912	8125	H	007239882	L	1	0	0
200912	8211	A	000551953	L	1	0	0
200912	8211	B	000551708	L	1	0	0
200912	8211	C	000550485	L	1	0	0
200912	8211	D	000550558	L	1	0	0
200912	8211	E	003450406	L	1	0	0
200912	8211	F	010675294	L	1	0	0
200912	8211	G	005061156	L	1	0	0
200912	8211	H	002925273	L	1	0	0
200912	8212	A	000546976	L	1	0	0
200912	8212	B	021464260	L	1	0	0
200912	8212	C	003412180	L	1	0	0
200912	8212	D	003331660	L	1	0	0
200912	8212	E	004618319	L	1	0	0
200912	8212	F	005874769	L	1	0	0
200912	8212	G	022254669	L	1	0	0
200912	8212	H	011811531	L	1	0	0
200912	8212	I	008871205	L	1	0	0
200912	8311	A	009883843	L	1	0	0
200912	8311	B	003642208	L	1	0	0
200912	8311	C	005029473	L	1	0	0
200912	8311	D	003548805	L	1	0	0
200912	8311	E	007402074	L	1	0	0
200912	8311	F	011619371	L	1	0	0
200912	8311	G	010447704	L	1	0	0
200912	8311	H	000560006	L	1	0	0
200912	8311	I	XXXXXXXXX	0	0	0	0
200912	8312	A	007736967	L	1	0	0
200912	8312	B	020217340	L	1	0	0
200912	8312	C	000563935	L	1	0	0
200912	8312	D	010169801	L	1	0	0
200912	8312	E	011213642	L	1	0	0
200912	8312	F	005296927	L	1	0	0
200912	8312	G	000566950	L	1	0	0
200912	8312	H	XXXXXXXXX	0	0	0	0
200912	8313	A	005091675	L	1	0	0
200912	8313	B	020038845	L	1	0	0
200912	8313	C	009430946	L	1	0	0
200912	8313	D	024367614	L	1	0	0
200912	8313	E	006562116	L	1	0	0
200912	8313	F	020209208	L	1	0	0
200912	8313	G	023935244	L	1	0	0
200912	9011	A	XXXXXXXXX	0	0	0	0
200912	9011	B	XXXXXXXXX	0	0	0	0
200912	9011	C	XXXXXXXXX	0	0	0	0
200912	9011	D	XXXXXXXXX	0	0	0	0
200912	9011	E	XXXXXXXXX	0	0	0	0
200912	9011	F	XXXXXXXXX	0	0	0	0
200912	9011	G	XXXXXXXXX	0	0	0	0
200912	9011	H	XXXXXXXXX	0	0	0	0
200912	9011	I	XXXXXXXXX	0	0	0	0
200912	9011	J	XXXXXXXXX	0	0	0	0
200912	9011	K	XXXXXXXXX	0	0	0	0
200912	9012	A	XXXXXXXXX	0	0	0	0
200912	9012	B	XXXXXXXXX	0	0	0	0
200912	9012	C	XXXXXXXXX	0	0	0	0
200912	9012	D	XXXXXXXXX	0	0	0	0
200912	9012	E	XXXXXXXXX	0	0	0	0
200912	9012	F	XXXXXXXXX	0	0	0	0
200912	9012	G	XXXXXXXXX	0	0	0	0
200912	9012	H	XXXXXXXXX	0	0	0	0
200912	9012	I	XXXXXXXXX	0	0	0	0
200912	9012	J	XXXXXXXXX	0	0	0	0
200912	9012	K	XXXXXXXXX	0	0	0	0
200912	9012	L	XXXXXXXXX	0	0	0	0
200912	9012	M	XXXXXXXXX	0	0	0	0
200912	9012	N	XXXXXXXXX	0	0	0	0
200912	9012		XXXXXXXXX	0	0	0	0
200912	9111	A	XXXXXXXXX	0	0	0	0
200912	9111	B	XXXXXXXXX	0	0	0	0
200912	9111	C	XXXXXXXXX	0	0	0	0
200912	9111	D	XXXXXXXXX	0	0	0	0
200912	9112	A	XXXXXXXXX	0	0	0	0
200912	9112	B	XXXXXXXXX	0	0	0	0
200912	9112	C	XXXXXXXXX	0	0	0	0
200912	9112	D	XXXXXXXXX	0	0	0	0
